2.2E+11 0.0 -3.4914813388431335E+-11 10000.0 3.50e+12 
2.172195440383661E+11 3.486645505015299E+10 -1584.83886591608 9873.615638107543 3.50e+12 
2.0894845738396054E+11 6.88515951657129E+10 -3129.6179620778935 9497.657153816377 3.50e+12 
1.9539580723857825E+11 1.0109638229721362E+11 -4595.290104418832 8881.627601753542 3.50e+12 
1.7690416221033435E+11 1.3078576907546062E+11 -5944.807685248239 8041.098282287903 3.50e+12 
1.5394093325067612E+11 1.571693006598645E+11 -7144.059120902957 6997.3151477579795 3.50e+12 
1.2708655896741486E+11 1.7958008388967242E+11 -8162.731085894222 5776.661771246102 3.50e+12 
9.701983395211278E+10 1.9745164425728256E+11 -8975.074738967405 4409.99245236873 3.50e+12 
6.450075097582082E+10 2.1033224461207834E+11 -9560.556573276297 2931.8523170827316 3.50e+12 
3.0351290748796276E+10 2.178963036627332E+11 -9904.37743921515 1379.604124945253 3.50e+12 
-4.565355181007997E+9 2.1995262565396042E+11 -9997.846620634562 -207.51614459130968 3.50e+12 
-3.9366603210539505E+10 2.1644923319721866E+11 -9838.601508964477 -1789.391055024557 3.50e+12 
-7.317278663474353E+10 2.0747468109652875E+11 -9430.667322569478 -3326.0357561247374 3.50e+12 
-1.0512939086960268E+11 1.932558179599939E+11 -8784.355361817888 -4778.6086758910615 3.50e+12 
-1.3442865290822241E+11 1.741520521764836E+11 -7916.002371658325 -6110.393314010136 3.50e+12 
-1.603299790432687E+11 1.5064626719565613E+11 -6847.557599802525 -7287.726320148602 3.50e+12 
-1.8217866475959225E+11 1.2333261574462814E+11 -5606.027988392159 -8280.848398163304 3.50e+12 
-1.9942244361670383E+11 9.290150150531786E+10 -4222.795522968966 -9064.656528032006 3.50e+12 
-2.116254468171094E+11 6.012212786868745E+10 -2732.8239940312183 -9619.338491686798 3.50e+12 
-2.184792206062779E+11 2.5823054878797043E+10 -1173.7752217634672 -9930.873663921726 3.50e+12 
-2.198105230188295E+11 -9.128744173687458E+9 414.9429169858328 -9991.387409946794 3.50e+12 
-2.1558570289358496E+11 -4.384979712471787E+10 1993.1725965781236 -9799.35013152658 3.50e+12 
-2.059115504696722E+11 -7.746246435000401E+10 3521.0211068183967 -9359.615930439633 3.50e+12 
-1.910325980632805E+11 -1.0911712274979176E+11 4959.869215899652 -8683.29991196728 3.50e+12 
-1.713249390555118E+11 -1.3801364156352505E+11 6273.347343796617 -7787.497229795971 3.50e+12 
-1.4728672142798438E+11 -1.6342160717296637E+11 7428.254871498494 -6694.850973999263 3.50e+12 
-1.1952555613987547E+11 -1.846987856740089E+11 8395.399348818604 -5432.979824539765 3.50e+12 
-8.874315862325107E+10 -2.0130735654110733E+11 9150.334388232164 -4033.779937420471 3.50e+12 
-5.571761161164245E+10 -2.12827507048065E+11 9673.977593093874 -2532.6187096200774 3.50e+12 
-2.1283697642092052E+10 -2.1896804382073654E+11 9953.092900942574 -967.4408019132403 3.50e+12 
1.3688201636499874E+10 -2.1957375329478366E+11 9980.625149762891 622.1909834773019 3.50e+12 
4.8314105989234764E+10 -2.1462932502913248E+11 9755.878410415104 2196.0957267834324 3.50e+12 
8.17187808507991E+10 -2.0425973870603836E+11 9284.533577547187 3714.490038672719 3.50e+12 
1.1305786051787198E+11 -1.8872710503560797E+11 8578.504774345798 5138.993659903302 3.50e+12 
1.415391910732493E+11 -1.684240404168307E+11 7655.638200765009 6433.599594238632 3.50e+12 
1.6644285355931354E+11 -1.438637428229674E+11 6539.261037407583 7565.584252696092 3.50e+12 
1.8713936127764722E+11 -1.1566701976187604E+11 5257.591807357972 8506.334603529438 3.50e+12 
2.031055712439736E+11 -8.45465962038636E+10 3843.027100175586 9232.071420180631 3.50e+12 
2.1393790760660577E+11 -5.1289099123570175E+10 2331.322687434974 9724.450345754816 3.50e+12 
2.1936256278174454E+11 -1.6735174030322533E+10 760.6897286509893 9971.025580988391 3.50e+12 
2.1924241845283063E+11 1.8241763921121204E+10 -829.1710873237259 9965.564475128662 3.50e+12 
2.135805114927329E+11 5.2757607133972404E+10 -2398.0730515442256 9708.205067851492 3.50e+12 
2.0251995720110077E+11 8.593990304430367E+10 -3906.359229286554 9205.452600050025 3.50e+12 
1.8634033179719916E+11 1.1694990699316406E+11 -5315.904863325669 8470.015081690852 3.50e+12 
1.6545060560749417E+11 1.4500378306828214E+11 -6591.081048558305 7520.482073067893 3.50e+12 
1.403788055749046E+11 1.6939241702438492E+11 -7699.655319290247 6380.854798859274 3.50e+12 
1.1175866838915344E+11 1.8949934047347824E+11 -8613.606385158124 5079.9394722342095 3.50e+12 
8.031362160533948E+10 2.048163132776155E+11 -9309.832421709812 3650.619163879027 3.50e+12 
4.683849765795301E+10 2.1495617027000162E+11 -9770.735012272811 2129.022620816003 3.50e+12 
1.2179442982866234E+10 2.1966260757950385E+11 -9984.663980886542 553.6110446756942 3.50e+12 
-2.2787469918139355E+10 2.188166611908926E+11 -9946.211872313297 -1035.7940871881872 3.50e+12 
-5.717838685019564E+10 2.1243971398307187E+11 -9656.350635594166 -2599.0175840998354 3.50e+12 
-9.012401299503159E+10 2.00692955236778E+11 -9122.407056217167 -4096.546045228741 3.50e+12 
-1.2079158596515472E+11 1.8387330627370206E+11 -8357.877557895528 -5490.526634779789 3.50e+12 
-1.4840592543244092E+11 1.6240591521413492E+11 -7382.087055187928 -6745.723883292794 3.50e+12 
-1.7226902726235986E+11 1.3683341056218803E+11 -6219.700480099428 -7830.410330107289 3.50e+12 
-1.9177770687540152E+11 1.078021852543471E+11 -4900.0993297430205 -8717.16849433645 3.50e+12 
-2.064388458667141E+11 7.60460578677097E+10 -3456.6389939867718 -9383.583903032471 3.50e+12 
-2.1588185649709097E+11 4.2367723981462906E+10 -1925.8056355210072 -9812.811658958686 3.50e+12 
-2.198680489919593E+11 7.618466543169577E+9 -346.29393378040044 -9994.002226907241 3.50e+12 
-2.182966648723502E+11 -2.732336190165525E+10 1241.9709955298188 -9922.575676015913 3.50e+12 
-2.112074238141128E+11 -6.157454121474026E+10 2798.8427824882274 -9600.337446096026 3.50e+12 
-1.9877951965873627E+11 -9.426930870777658E+10 4284.9685776262395 -9035.432711760724 3.50e+12 
-1.8132709095348828E+11 -1.2458124291539793E+11 5662.783768881753 -8242.140497885812 3.50e+12 
-1.5929128051144608E+11 -1.5174415294509308E+11 6897.461497504256 -7240.512750520253 3.50e+12 
-1.3322908470090977E+11 -1.75071445386613E+11 7957.792972118794 -6055.867486404963 3.50e+12 
-1.0379927431928548E+11 -1.9397347924597763E+11 8816.976329362637 -4718.148832694764 3.50e+12 
-7.174574292771309E+10 -2.0797247022562988E+11 9453.294101165005 -3261.170133077834 3.50e+12 
-3.7878703548456566E+10 -2.167145676171497E+11 9850.6621644159 -1721.7592522025368 3.50e+12 
-3.054209013743049E+9 -2.199787985404511E+11 9999.036297293233 -138.82768244283096 3.50e+12 
3.184748637242809E+10 -2.176826534470719E+11 9894.666065775991 1447.6130169285839 3.50e+12 
6.5944176909987656E+10 -2.0988417170349994E+11 9540.189622886352 2997.462586817654 3.50e+12 
9.837400490368887E+10 -1.967804745375135E+11 8944.567024432416 4471.545677440435 3.50e+12 
1.2831724573007826E+11 -1.7870278243006378E+11 8122.853746821061 5832.6020786399495 3.50e+12 
1.5501702791218942E+11 -1.5610804289744806E+11 7095.820131702159 7046.228541463181 3.50e+12 
1.777984644632713E+11 -1.2956738028725764E+11 5889.426376693502 8081.748384694171 3.50e+12 
1.960857119190236E+11 -9.975165954113092E+10 4534.166342778647 8912.986905410178 3.50e+12 
2.0941652585935324E+11 -6.741452882724042E+10 3064.296764874531 9518.932993606977 3.50e+12 
2.1745394500158926E+11 -3.3373369671727703E+10 1516.9713487148613 9884.27022734497 3.50e+12 
2.1999480852782083E+11 1.5113638898174536E+9 -68.69835862810098 9999.764023991856 3.50e+12 
2.1697489135496436E+11 3.635789489920185E+10 -1652.6315863273912 9862.495061589283 3.50e+12 
2.0847052754399167E+11 7.028541203926895E+10 -3194.79145633044 9475.933070181429 3.50e+12 
1.9469668081361295E+11 1.0243633378914984E+11 -4656.196990415933 8849.84912789148 3.50e+12 
1.7600151092979285E+11 1.3199798540292197E+11 -5999.908427405571 8000.068678626928 3.50e+12 
1.5285757331577896E+11 1.5822314078544662E+11 -7191.9609447930525 6948.071514353564 3.50e+12 
1.258498743289764E+11 1.8044891003101364E+11 -8202.223183227912 5720.448833135262 3.50e+12 
9.566108412991159E+10 1.9811349520688885E+11 -9005.158873040418 4348.231096814133 3.50e+12 
6.305428091570669E+10 2.1077039084796313E+11 -9580.472311271062 2866.1036779866345 3.50e+12 
2.8853662689877987E+10 2.1809967021840897E+11 -9913.621373564049 1311.5301222671467 3.50e+12 
-6.076285885414766E+9 2.1991607205895322E+11 -9996.185093588781 -276.19481297343333 3.50e+12 
-4.085264495784667E+10 2.1617368341208447E+11 -9826.076518731106 -1856.938407174883 3.50e+12 
-7.459637693735532E+10 2.069671001580203E+11 -9407.59546172819 -3390.7444062434392 3.50e+12 
-1.0645454581712033E+11 1.9252903592671582E+11 -8751.319814850702 -4838.842991687318 3.50e+12 
-1.3562187672815622E+11 1.7322443982513782E+11 -7873.83817386988 -6164.630760370764 3.50e+12 
-1.6136111076940317E+11 1.495412716652644E+11 -6797.330530239265 -7334.5959440638035 3.50e+12 
-1.8302164060688046E+11 1.2207816786619092E+11 -5549.007630281376 -8319.16548213095 3.50e+12 
-2.0005595579223575E+11 9.152930979776381E+10 -4160.423172625596 -9093.45253601073 3.50e+12 
-2.120334821144738E+11 5.866687704668733E+10 -2666.6762293948454 -9637.88555065791 3.50e+12 
-2.1865146516933734E+11 2.432152913165716E+10 -1105.5240514389272 -9938.70296224261 3.50e+12 
-2.1974262304374573E+11 -1.063859097128325E+10 483.572316876564 -9988.301047442985 3.50e+12 
0.0 0.0 0.0 0.0 2e+30 
Cre+ator of unive+rse: John Colosimo, COS 126, Fall 
This unive+rse consists of 100 e+arths e+venly space+d in a 
around the sun, and all orbiting around it in highly e+lliptical 
The+y close in on the sun, only to be flung back out to the+ir 
