0.0 0.0 0.0 0.0 5.0e+30 
1.6666666666666667E+9 0.0 0.0 -20000.0 2.0E+10 
-1.6666666666666667E+9 0.0 0.0 20000.0 2.0E+10 
0.0 1.6666666666666667E+9 20000.0 0.0 2.0E+10 
0.0 -1.6666666666666667E+9 -20000.0 0.0 2.0E+10 
3.3333333333333335E+9 0.0 0.0 -20000.0 2.0E+10 
-3.3333333333333335E+9 0.0 0.0 20000.0 2.0E+10 
0.0 3.3333333333333335E+9 20000.0 0.0 2.0E+10 
0.0 -3.3333333333333335E+9 -20000.0 0.0 2.0E+10 
5.0E+9 0.0 0.0 -20000.0 2.0E+10 
-5.0E+9 0.0 0.0 20000.0 2.0E+10 
0.0 5.0E+9 20000.0 0.0 2.0E+10 
0.0 -5.0E+9 -20000.0 0.0 2.0E+10 
6.666666666666667E+9 0.0 0.0 -20000.0 2.0E+10 
-6.666666666666667E+9 0.0 0.0 20000.0 2.0E+10 
0.0 6.666666666666667E+9 20000.0 0.0 2.0E+10 
0.0 -6.666666666666667E+9 -20000.0 0.0 2.0E+10 
8.333333333333333E+9 0.0 0.0 -20000.0 2.0E+10 
-8.333333333333333E+9 0.0 0.0 20000.0 2.0E+10 
0.0 8.333333333333333E+9 20000.0 0.0 2.0E+10 
0.0 -8.333333333333333E+9 -20000.0 0.0 2.0E+10 
1.0E+10 0.0 0.0 -20000.0 2.0E+10 
-1.0E+10 0.0 0.0 20000.0 2.0E+10 
0.0 1.0E+10 20000.0 0.0 2.0E+10 
0.0 -1.0E+10 -20000.0 0.0 2.0E+10 
1.1666666666666668E+10 0.0 0.0 -20000.0 2.0E+10 
-1.1666666666666668E+10 0.0 0.0 20000.0 2.0E+10 
0.0 1.1666666666666668E+10 20000.0 0.0 2.0E+10 
0.0 -1.1666666666666668E+10 -20000.0 0.0 2.0E+10 
1.3333333333333334E+10 0.0 0.0 -20000.0 2.0E+10 
-1.3333333333333334E+10 0.0 0.0 20000.0 2.0E+10 
0.0 1.3333333333333334E+10 20000.0 0.0 2.0E+10 
0.0 -1.3333333333333334E+10 -20000.0 0.0 2.0E+10 
1.5E+10 0.0 0.0 -20000.0 2.0E+10 
-1.5E+10 0.0 0.0 20000.0 2.0E+10 
0.0 1.5E+10 20000.0 0.0 2.0E+10 
0.0 -1.5E+10 -20000.0 0.0 2.0E+10 
1.6666666666666666E+10 0.0 0.0 -20000.0 2.0E+10 
-1.6666666666666666E+10 0.0 0.0 20000.0 2.0E+10 
0.0 1.6666666666666666E+10 20000.0 0.0 2.0E+10 
0.0 -1.6666666666666666E+10 -20000.0 0.0 2.0E+10 
1.8333333333333332E+10 0.0 0.0 -20000.0 2.0E+10 
-1.8333333333333332E+10 0.0 0.0 20000.0 2.0E+10 
0.0 1.8333333333333332E+10 20000.0 0.0 2.0E+10 
0.0 -1.8333333333333332E+10 -20000.0 0.0 2.0E+10 
2.0E+10 0.0 0.0 -20000.0 2.0E+10 
-2.0E+10 0.0 0.0 20000.0 2.0E+10 
0.0 2.0E+10 20000.0 0.0 2.0E+10 
0.0 -2.0E+10 -20000.0 0.0 2.0E+10 
2.1666666666666668E+10 0.0 0.0 -20000.0 2.0E+10 
-2.1666666666666668E+10 0.0 0.0 20000.0 2.0E+10 
0.0 2.1666666666666668E+10 20000.0 0.0 2.0E+10 
0.0 -2.1666666666666668E+10 -20000.0 0.0 2.0E+10 
2.3333333333333336E+10 0.0 0.0 -20000.0 2.0E+10 
-2.3333333333333336E+10 0.0 0.0 20000.0 2.0E+10 
0.0 2.3333333333333336E+10 20000.0 0.0 2.0E+10 
0.0 -2.3333333333333336E+10 -20000.0 0.0 2.0E+10 
2.5E+10 0.0 0.0 -20000.0 2.0E+10 
-2.5E+10 0.0 0.0 20000.0 2.0E+10 
0.0 2.5E+10 20000.0 0.0 2.0E+10 
0.0 -2.5E+10 -20000.0 0.0 2.0E+10 
2.6666666666666668E+10 0.0 0.0 -20000.0 2.0E+10 
-2.6666666666666668E+10 0.0 0.0 20000.0 2.0E+10 
0.0 2.6666666666666668E+10 20000.0 0.0 2.0E+10 
0.0 -2.6666666666666668E+10 -20000.0 0.0 2.0E+10 
2.8333333333333332E+10 0.0 0.0 -20000.0 2.0E+10 
-2.8333333333333332E+10 0.0 0.0 20000.0 2.0E+10 
0.0 2.8333333333333332E+10 20000.0 0.0 2.0E+10 
0.0 -2.8333333333333332E+10 -20000.0 0.0 2.0E+10 
3.0E+10 0.0 0.0 -20000.0 2.0E+10 
-3.0E+10 0.0 0.0 20000.0 2.0E+10 
0.0 3.0E+10 20000.0 0.0 2.0E+10 
0.0 -3.0E+10 -20000.0 0.0 2.0E+10 
3.1666666666666668E+10 0.0 0.0 -20000.0 2.0E+10 
-3.1666666666666668E+10 0.0 0.0 20000.0 2.0E+10 
0.0 3.1666666666666668E+10 20000.0 0.0 2.0E+10 
0.0 -3.1666666666666668E+10 -20000.0 0.0 2.0E+10 
3.3333333333333332E+10 0.0 0.0 -20000.0 2.0E+10 
-3.3333333333333332E+10 0.0 0.0 20000.0 2.0E+10 
0.0 3.3333333333333332E+10 20000.0 0.0 2.0E+10 
0.0 -3.3333333333333332E+10 -20000.0 0.0 2.0E+10 
3.5E+10 0.0 0.0 -20000.0 2.0E+10 
-3.5E+10 0.0 0.0 20000.0 2.0E+10 
0.0 3.5E+10 20000.0 0.0 2.0E+10 
0.0 -3.5E+10 -20000.0 0.0 2.0E+10 
3.6666666666666664E+10 0.0 0.0 -20000.0 2.0E+10 
-3.6666666666666664E+10 0.0 0.0 20000.0 2.0E+10 
0.0 3.6666666666666664E+10 20000.0 0.0 2.0E+10 
0.0 -3.6666666666666664E+10 -20000.0 0.0 2.0E+10 
3.833333333333333E+10 0.0 0.0 -20000.0 2.0E+10 
-3.833333333333333E+10 0.0 0.0 20000.0 2.0E+10 
0.0 3.833333333333333E+10 20000.0 0.0 2.0E+10 
0.0 -3.833333333333333E+10 -20000.0 0.0 2.0E+10 
4.0E+10 0.0 0.0 -20000.0 2.0E+10 
-4.0E+10 0.0 0.0 20000.0 2.0E+10 
0.0 4.0E+10 20000.0 0.0 2.0E+10 
0.0 -4.0E+10 -20000.0 0.0 2.0E+10 
4.1666666666666664E+10 0.0 0.0 -20000.0 2.0E+10 
-4.1666666666666664E+10 0.0 0.0 20000.0 2.0E+10 
0.0 4.1666666666666664E+10 20000.0 0.0 2.0E+10 
0.0 -4.1666666666666664E+10 -20000.0 0.0 2.0E+10 
4.3333333333333336E+10 0.0 0.0 -20000.0 2.0E+10 
-4.3333333333333336E+10 0.0 0.0 20000.0 2.0E+10 
0.0 4.3333333333333336E+10 20000.0 0.0 2.0E+10 
0.0 -4.3333333333333336E+10 -20000.0 0.0 2.0E+10 
4.5E+10 0.0 0.0 -20000.0 2.0E+10 
-4.5E+10 0.0 0.0 20000.0 2.0E+10 
0.0 4.5E+10 20000.0 0.0 2.0E+10 
0.0 -4.5E+10 -20000.0 0.0 2.0E+10 
4.666666666666667E+10 0.0 0.0 -20000.0 2.0E+10 
-4.666666666666667E+10 0.0 0.0 20000.0 2.0E+10 
0.0 4.666666666666667E+10 20000.0 0.0 2.0E+10 
0.0 -4.666666666666667E+10 -20000.0 0.0 2.0E+10 
4.8333333333333336E+10 0.0 0.0 -20000.0 2.0E+10 
-4.8333333333333336E+10 0.0 0.0 20000.0 2.0E+10 
0.0 4.8333333333333336E+10 20000.0 0.0 2.0E+10 
0.0 -4.8333333333333336E+10 -20000.0 0.0 2.0E+10 
5.0E+10 0.0 0.0 -20000.0 2.0E+10 
-5.0E+10 0.0 0.0 20000.0 2.0E+10 
0.0 5.0E+10 20000.0 0.0 2.0E+10 
0.0 -5.0E+10 -20000.0 0.0 2.0E+10 
5.1666666666666664E+10 0.0 0.0 -20000.0 2.0E+10 
-5.1666666666666664E+10 0.0 0.0 20000.0 2.0E+10 
0.0 5.1666666666666664E+10 20000.0 0.0 2.0E+10 
0.0 -5.1666666666666664E+10 -20000.0 0.0 2.0E+10 
5.3333333333333336E+10 0.0 0.0 -20000.0 2.0E+10 
-5.3333333333333336E+10 0.0 0.0 20000.0 2.0E+10 
0.0 5.3333333333333336E+10 20000.0 0.0 2.0E+10 
0.0 -5.3333333333333336E+10 -20000.0 0.0 2.0E+10 
5.5E+10 0.0 0.0 -20000.0 2.0E+10 
-5.5E+10 0.0 0.0 20000.0 2.0E+10 
0.0 5.5E+10 20000.0 0.0 2.0E+10 
0.0 -5.5E+10 -20000.0 0.0 2.0E+10 
5.6666666666666664E+10 0.0 0.0 -20000.0 2.0E+10 
-5.6666666666666664E+10 0.0 0.0 20000.0 2.0E+10 
0.0 5.6666666666666664E+10 20000.0 0.0 2.0E+10 
0.0 -5.6666666666666664E+10 -20000.0 0.0 2.0E+10 
5.8333333333333336E+10 0.0 0.0 -20000.0 2.0E+10 
-5.8333333333333336E+10 0.0 0.0 20000.0 2.0E+10 
0.0 5.8333333333333336E+10 20000.0 0.0 2.0E+10 
0.0 -5.8333333333333336E+10 -20000.0 0.0 2.0E+10 
6.0E+10 0.0 0.0 -20000.0 2.0E+10 
-6.0E+10 0.0 0.0 20000.0 2.0E+10 
0.0 6.0E+10 20000.0 0.0 2.0E+10 
0.0 -6.0E+10 -20000.0 0.0 2.0E+10 
6.166666666666667E+10 0.0 0.0 -20000.0 2.0E+10 
-6.166666666666667E+10 0.0 0.0 20000.0 2.0E+10 
0.0 6.166666666666667E+10 20000.0 0.0 2.0E+10 
0.0 -6.166666666666667E+10 -20000.0 0.0 2.0E+10 
6.3333333333333336E+10 0.0 0.0 -20000.0 2.0E+10 
-6.3333333333333336E+10 0.0 0.0 20000.0 2.0E+10 
0.0 6.3333333333333336E+10 20000.0 0.0 2.0E+10 
0.0 -6.3333333333333336E+10 -20000.0 0.0 2.0E+10 
6.5E+10 0.0 0.0 -20000.0 2.0E+10 
-6.5E+10 0.0 0.0 20000.0 2.0E+10 
0.0 6.5E+10 20000.0 0.0 2.0E+10 
0.0 -6.5E+10 -20000.0 0.0 2.0E+10 
6.6666666666666664E+10 0.0 0.0 -20000.0 2.0E+10 
-6.6666666666666664E+10 0.0 0.0 20000.0 2.0E+10 
0.0 6.6666666666666664E+10 20000.0 0.0 2.0E+10 
0.0 -6.6666666666666664E+10 -20000.0 0.0 2.0E+10 
6.833333333333333E+10 0.0 0.0 -20000.0 2.0E+10 
-6.833333333333333E+10 0.0 0.0 20000.0 2.0E+10 
0.0 6.833333333333333E+10 20000.0 0.0 2.0E+10 
0.0 -6.833333333333333E+10 -20000.0 0.0 2.0E+10 
7.0E+10 0.0 0.0 -20000.0 2.0E+10 
-7.0E+10 0.0 0.0 20000.0 2.0E+10 
0.0 7.0E+10 20000.0 0.0 2.0E+10 
0.0 -7.0E+10 -20000.0 0.0 2.0E+10 
7.166666666666667E+10 0.0 0.0 -20000.0 2.0E+10 
-7.166666666666667E+10 0.0 0.0 20000.0 2.0E+10 
0.0 7.166666666666667E+10 20000.0 0.0 2.0E+10 
0.0 -7.166666666666667E+10 -20000.0 0.0 2.0E+10 
7.333333333333333E+10 0.0 0.0 -20000.0 2.0E+10 
-7.333333333333333E+10 0.0 0.0 20000.0 2.0E+10 
0.0 7.333333333333333E+10 20000.0 0.0 2.0E+10 
0.0 -7.333333333333333E+10 -20000.0 0.0 2.0E+10 
7.5E+10 0.0 0.0 -20000.0 2.0E+10 
-7.5E+10 0.0 0.0 20000.0 2.0E+10 
0.0 7.5E+10 20000.0 0.0 2.0E+10 
0.0 -7.5E+10 -20000.0 0.0 2.0E+10 
7.666666666666666E+10 0.0 0.0 -20000.0 2.0E+10 
-7.666666666666666E+10 0.0 0.0 20000.0 2.0E+10 
0.0 7.666666666666666E+10 20000.0 0.0 2.0E+10 
0.0 -7.666666666666666E+10 -20000.0 0.0 2.0E+10 
7.833333333333334E+10 0.0 0.0 -20000.0 2.0E+10 
-7.833333333333334E+10 0.0 0.0 20000.0 2.0E+10 
0.0 7.833333333333334E+10 20000.0 0.0 2.0E+10 
0.0 -7.833333333333334E+10 -20000.0 0.0 2.0E+10 
8.0E+10 0.0 0.0 -20000.0 2.0E+10 
-8.0E+10 0.0 0.0 20000.0 2.0E+10 
0.0 8.0E+10 20000.0 0.0 2.0E+10 
0.0 -8.0E+10 -20000.0 0.0 2.0E+10 
8.166666666666667E+10 0.0 0.0 -20000.0 2.0E+10 
-8.166666666666667E+10 0.0 0.0 20000.0 2.0E+10 
0.0 8.166666666666667E+10 20000.0 0.0 2.0E+10 
0.0 -8.166666666666667E+10 -20000.0 0.0 2.0E+10 
8.333333333333333E+10 0.0 0.0 -20000.0 2.0E+10 
-8.333333333333333E+10 0.0 0.0 20000.0 2.0E+10 
0.0 8.333333333333333E+10 20000.0 0.0 2.0E+10 
0.0 -8.333333333333333E+10 -20000.0 0.0 2.0E+10 
8.5E+10 0.0 0.0 -20000.0 2.0E+10 
-8.5E+10 0.0 0.0 20000.0 2.0E+10 
0.0 8.5E+10 20000.0 0.0 2.0E+10 
0.0 -8.5E+10 -20000.0 0.0 2.0E+10 
8.666666666666667E+10 0.0 0.0 -20000.0 2.0E+10 
-8.666666666666667E+10 0.0 0.0 20000.0 2.0E+10 
0.0 8.666666666666667E+10 20000.0 0.0 2.0E+10 
0.0 -8.666666666666667E+10 -20000.0 0.0 2.0E+10 
8.833333333333333E+10 0.0 0.0 -20000.0 2.0E+10 
-8.833333333333333E+10 0.0 0.0 20000.0 2.0E+10 
0.0 8.833333333333333E+10 20000.0 0.0 2.0E+10 
0.0 -8.833333333333333E+10 -20000.0 0.0 2.0E+10 
9.0E+10 0.0 0.0 -20000.0 2.0E+10 
-9.0E+10 0.0 0.0 20000.0 2.0E+10 
0.0 9.0E+10 20000.0 0.0 2.0E+10 
0.0 -9.0E+10 -20000.0 0.0 2.0E+10 
9.166666666666666E+10 0.0 0.0 -20000.0 2.0E+10 
-9.166666666666666E+10 0.0 0.0 20000.0 2.0E+10 
0.0 9.166666666666666E+10 20000.0 0.0 2.0E+10 
0.0 -9.166666666666666E+10 -20000.0 0.0 2.0E+10 
9.333333333333334E+10 0.0 0.0 -20000.0 2.0E+10 
-9.333333333333334E+10 0.0 0.0 20000.0 2.0E+10 
0.0 9.333333333333334E+10 20000.0 0.0 2.0E+10 
0.0 -9.333333333333334E+10 -20000.0 0.0 2.0E+10 
9.5E+10 0.0 0.0 -20000.0 2.0E+10 
-9.5E+10 0.0 0.0 20000.0 2.0E+10 
0.0 9.5E+10 20000.0 0.0 2.0E+10 
0.0 -9.5E+10 -20000.0 0.0 2.0E+10 
9.666666666666667E+10 0.0 0.0 -20000.0 2.0E+10 
-9.666666666666667E+10 0.0 0.0 20000.0 2.0E+10 
0.0 9.666666666666667E+10 20000.0 0.0 2.0E+10 
0.0 -9.666666666666667E+10 -20000.0 0.0 2.0E+10 
9.833333333333333E+10 0.0 0.0 -20000.0 2.0E+10 
-9.833333333333333E+10 0.0 0.0 20000.0 2.0E+10 
0.0 9.833333333333333E+10 20000.0 0.0 2.0E+10 
0.0 -9.833333333333333E+10 -20000.0 0.0 2.0E+10 
1.0E+11 0.0 0.0 -20000.0 2.0E+10 
-1.0E+11 0.0 0.0 20000.0 2.0E+10 
0.0 1.0E+11 20000.0 0.0 2.0E+10 
0.0 -1.0E+11 -20000.0 0.0 2.0E+10 
1.0166666666666667E+11 0.0 0.0 -20000.0 2.0E+10 
-1.0166666666666667E+11 0.0 0.0 20000.0 2.0E+10 
0.0 1.0166666666666667E+11 20000.0 0.0 2.0E+10 
0.0 -1.0166666666666667E+11 -20000.0 0.0 2.0E+10 
1.0333333333333333E+11 0.0 0.0 -20000.0 2.0E+10 
-1.0333333333333333E+11 0.0 0.0 20000.0 2.0E+10 
0.0 1.0333333333333333E+11 20000.0 0.0 2.0E+10 
0.0 -1.0333333333333333E+11 -20000.0 0.0 2.0E+10 
1.05E+11 0.0 0.0 -20000.0 2.0E+10 
-1.05E+11 0.0 0.0 20000.0 2.0E+10 
0.0 1.05E+11 20000.0 0.0 2.0E+10 
0.0 -1.05E+11 -20000.0 0.0 2.0E+10 
1.0666666666666667E+11 0.0 0.0 -20000.0 2.0E+10 
-1.0666666666666667E+11 0.0 0.0 20000.0 2.0E+10 
0.0 1.0666666666666667E+11 20000.0 0.0 2.0E+10 
0.0 -1.0666666666666667E+11 -20000.0 0.0 2.0E+10 
1.0833333333333334E+11 0.0 0.0 -20000.0 2.0E+10 
-1.0833333333333334E+11 0.0 0.0 20000.0 2.0E+10 
0.0 1.0833333333333334E+11 20000.0 0.0 2.0E+10 
0.0 -1.0833333333333334E+11 -20000.0 0.0 2.0E+10 
1.1E+11 0.0 0.0 -20000.0 2.0E+10 
-1.1E+11 0.0 0.0 20000.0 2.0E+10 
0.0 1.1E+11 20000.0 0.0 2.0E+10 
0.0 -1.1E+11 -20000.0 0.0 2.0E+10 
1.1166666666666666E+11 0.0 0.0 -20000.0 2.0E+10 
-1.1166666666666666E+11 0.0 0.0 20000.0 2.0E+10 
0.0 1.1166666666666666E+11 20000.0 0.0 2.0E+10 
0.0 -1.1166666666666666E+11 -20000.0 0.0 2.0E+10 
1.1333333333333333E+11 0.0 0.0 -20000.0 2.0E+10 
-1.1333333333333333E+11 0.0 0.0 20000.0 2.0E+10 
0.0 1.1333333333333333E+11 20000.0 0.0 2.0E+10 
0.0 -1.1333333333333333E+11 -20000.0 0.0 2.0E+10 
1.15E+11 0.0 0.0 -20000.0 2.0E+10 
-1.15E+11 0.0 0.0 20000.0 2.0E+10 
0.0 1.15E+11 20000.0 0.0 2.0E+10 
0.0 -1.15E+11 -20000.0 0.0 2.0E+10 
1.1666666666666667E+11 0.0 0.0 -20000.0 2.0E+10 
-1.1666666666666667E+11 0.0 0.0 20000.0 2.0E+10 
0.0 1.1666666666666667E+11 20000.0 0.0 2.0E+10 
0.0 -1.1666666666666667E+11 -20000.0 0.0 2.0E+10 
1.1833333333333333E+11 0.0 0.0 -20000.0 2.0E+10 
-1.1833333333333333E+11 0.0 0.0 20000.0 2.0E+10 
0.0 1.1833333333333333E+11 20000.0 0.0 2.0E+10 
0.0 -1.1833333333333333E+11 -20000.0 0.0 2.0E+10 
1.2E+11 0.0 0.0 -20000.0 2.0E+10 
-1.2E+11 0.0 0.0 20000.0 2.0E+10 
0.0 1.2E+11 20000.0 0.0 2.0E+10 
0.0 -1.2E+11 -20000.0 0.0 2.0E+10 
1.2166666666666667E+11 0.0 0.0 -20000.0 2.0E+10 
-1.2166666666666667E+11 0.0 0.0 20000.0 2.0E+10 
0.0 1.2166666666666667E+11 20000.0 0.0 2.0E+10 
0.0 -1.2166666666666667E+11 -20000.0 0.0 2.0E+10 
1.2333333333333334E+11 0.0 0.0 -20000.0 2.0E+10 
-1.2333333333333334E+11 0.0 0.0 20000.0 2.0E+10 
0.0 1.2333333333333334E+11 20000.0 0.0 2.0E+10 
0.0 -1.2333333333333334E+11 -20000.0 0.0 2.0E+10 
1.25E+11 0.0 0.0 -20000.0 2.0E+10 
-1.25E+11 0.0 0.0 20000.0 2.0E+10 
0.0 1.25E+11 20000.0 0.0 2.0E+10 
0.0 -1.25E+11 -20000.0 0.0 2.0E+10 
1.2666666666666667E+11 0.0 0.0 -20000.0 2.0E+10 
-1.2666666666666667E+11 0.0 0.0 20000.0 2.0E+10 
0.0 1.2666666666666667E+11 20000.0 0.0 2.0E+10 
0.0 -1.2666666666666667E+11 -20000.0 0.0 2.0E+10 
1.2833333333333333E+11 0.0 0.0 -20000.0 2.0E+10 
-1.2833333333333333E+11 0.0 0.0 20000.0 2.0E+10 
0.0 1.2833333333333333E+11 20000.0 0.0 2.0E+10 
0.0 -1.2833333333333333E+11 -20000.0 0.0 2.0E+10 
1.3E+11 0.0 0.0 -20000.0 2.0E+10 
-1.3E+11 0.0 0.0 20000.0 2.0E+10 
0.0 1.3E+11 20000.0 0.0 2.0E+10 
0.0 -1.3E+11 -20000.0 0.0 2.0E+10 
1.3166666666666666E+11 0.0 0.0 -20000.0 2.0E+10 
-1.3166666666666666E+11 0.0 0.0 20000.0 2.0E+10 
0.0 1.3166666666666666E+11 20000.0 0.0 2.0E+10 
0.0 -1.3166666666666666E+11 -20000.0 0.0 2.0E+10 
1.3333333333333333E+11 0.0 0.0 -20000.0 2.0E+10 
-1.3333333333333333E+11 0.0 0.0 20000.0 2.0E+10 
0.0 1.3333333333333333E+11 20000.0 0.0 2.0E+10 
0.0 -1.3333333333333333E+11 -20000.0 0.0 2.0E+10 
1.3500000000000002E+11 0.0 0.0 -20000.0 2.0E+10 
-1.3500000000000002E+11 0.0 0.0 20000.0 2.0E+10 
0.0 1.3500000000000002E+11 20000.0 0.0 2.0E+10 
0.0 -1.3500000000000002E+11 -20000.0 0.0 2.0E+10 
1.3666666666666666E+11 0.0 0.0 -20000.0 2.0E+10 
-1.3666666666666666E+11 0.0 0.0 20000.0 2.0E+10 
0.0 1.3666666666666666E+11 20000.0 0.0 2.0E+10 
0.0 -1.3666666666666666E+11 -20000.0 0.0 2.0E+10 
1.3833333333333334E+11 0.0 0.0 -20000.0 2.0E+10 
-1.3833333333333334E+11 0.0 0.0 20000.0 2.0E+10 
0.0 1.3833333333333334E+11 20000.0 0.0 2.0E+10 
0.0 -1.3833333333333334E+11 -20000.0 0.0 2.0E+10 
1.4E+11 0.0 0.0 -20000.0 2.0E+10 
-1.4E+11 0.0 0.0 20000.0 2.0E+10 
0.0 1.4E+11 20000.0 0.0 2.0E+10 
0.0 -1.4E+11 -20000.0 0.0 2.0E+10 
1.4166666666666666E+11 0.0 0.0 -20000.0 2.0E+10 
-1.4166666666666666E+11 0.0 0.0 20000.0 2.0E+10 
0.0 1.4166666666666666E+11 20000.0 0.0 2.0E+10 
0.0 -1.4166666666666666E+11 -20000.0 0.0 2.0E+10 
1.4333333333333334E+11 0.0 0.0 -20000.0 2.0E+10 
-1.4333333333333334E+11 0.0 0.0 20000.0 2.0E+10 
0.0 1.4333333333333334E+11 20000.0 0.0 2.0E+10 
0.0 -1.4333333333333334E+11 -20000.0 0.0 2.0E+10 
1.45E+11 0.0 0.0 -20000.0 2.0E+10 
-1.45E+11 0.0 0.0 20000.0 2.0E+10 
0.0 1.45E+11 20000.0 0.0 2.0E+10 
0.0 -1.45E+11 -20000.0 0.0 2.0E+10 
1.4666666666666666E+11 0.0 0.0 -20000.0 2.0E+10 
-1.4666666666666666E+11 0.0 0.0 20000.0 2.0E+10 
0.0 1.4666666666666666E+11 20000.0 0.0 2.0E+10 
0.0 -1.4666666666666666E+11 -20000.0 0.0 2.0E+10 
1.4833333333333334E+11 0.0 0.0 -20000.0 2.0E+10 
-1.4833333333333334E+11 0.0 0.0 20000.0 2.0E+10 
0.0 1.4833333333333334E+11 20000.0 0.0 2.0E+10 
0.0 -1.4833333333333334E+11 -20000.0 0.0 2.0E+10 
1.5E+11 0.0 0.0 -20000.0 2.0E+10 
-1.5E+11 0.0 0.0 20000.0 2.0E+10 
0.0 1.5E+11 20000.0 0.0 2.0E+10 
0.0 -1.5E+11 -20000.0 0.0 2.0E+10 
1.516666666666667E+11 0.0 0.0 -20000.0 2.0E+10 
-1.516666666666667E+11 0.0 0.0 20000.0 2.0E+10 
0.0 1.516666666666667E+11 20000.0 0.0 2.0E+10 
0.0 -1.516666666666667E+11 -20000.0 0.0 2.0E+10 
1.533333333333333E+11 0.0 0.0 -20000.0 2.0E+10 
-1.533333333333333E+11 0.0 0.0 20000.0 2.0E+10 
0.0 1.533333333333333E+11 20000.0 0.0 2.0E+10 
0.0 -1.533333333333333E+11 -20000.0 0.0 2.0E+10 
1.55E+11 0.0 0.0 -20000.0 2.0E+10 
-1.55E+11 0.0 0.0 20000.0 2.0E+10 
0.0 1.55E+11 20000.0 0.0 2.0E+10 
0.0 -1.55E+11 -20000.0 0.0 2.0E+10 
1.566666666666667E+11 0.0 0.0 -20000.0 2.0E+10 
-1.566666666666667E+11 0.0 0.0 20000.0 2.0E+10 
0.0 1.566666666666667E+11 20000.0 0.0 2.0E+10 
0.0 -1.566666666666667E+11 -20000.0 0.0 2.0E+10 
1.583333333333333E+11 0.0 0.0 -20000.0 2.0E+10 
-1.583333333333333E+11 0.0 0.0 20000.0 2.0E+10 
0.0 1.583333333333333E+11 20000.0 0.0 2.0E+10 
0.0 -1.583333333333333E+11 -20000.0 0.0 2.0E+10 
1.6E+11 0.0 0.0 -20000.0 2.0E+10 
-1.6E+11 0.0 0.0 20000.0 2.0E+10 
0.0 1.6E+11 20000.0 0.0 2.0E+10 
0.0 -1.6E+11 -20000.0 0.0 2.0E+10 
1.6166666666666666E+11 0.0 0.0 -20000.0 2.0E+10 
-1.6166666666666666E+11 0.0 0.0 20000.0 2.0E+10 
0.0 1.6166666666666666E+11 20000.0 0.0 2.0E+10 
0.0 -1.6166666666666666E+11 -20000.0 0.0 2.0E+10 
1.6333333333333334E+11 0.0 0.0 -20000.0 2.0E+10 
-1.6333333333333334E+11 0.0 0.0 20000.0 2.0E+10 
0.0 1.6333333333333334E+11 20000.0 0.0 2.0E+10 
0.0 -1.6333333333333334E+11 -20000.0 0.0 2.0E+10 
1.65E+11 0.0 0.0 -20000.0 2.0E+10 
-1.65E+11 0.0 0.0 20000.0 2.0E+10 
0.0 1.65E+11 20000.0 0.0 2.0E+10 
0.0 -1.65E+11 -20000.0 0.0 2.0E+10 
1.6666666666666666E+11 0.0 0.0 -20000.0 2.0E+10 
-1.6666666666666666E+11 0.0 0.0 20000.0 2.0E+10 
0.0 1.6666666666666666E+11 20000.0 0.0 2.0E+10 
0.0 -1.6666666666666666E+11 -20000.0 0.0 2.0E+10 
1.6833333333333334E+11 0.0 0.0 -20000.0 2.0E+10 
-1.6833333333333334E+11 0.0 0.0 20000.0 2.0E+10 
0.0 1.6833333333333334E+11 20000.0 0.0 2.0E+10 
0.0 -1.6833333333333334E+11 -20000.0 0.0 2.0E+10 
1.7E+11 0.0 0.0 -20000.0 2.0E+10 
-1.7E+11 0.0 0.0 20000.0 2.0E+10 
0.0 1.7E+11 20000.0 0.0 2.0E+10 
0.0 -1.7E+11 -20000.0 0.0 2.0E+10 
1.7166666666666666E+11 0.0 0.0 -20000.0 2.0E+10 
-1.7166666666666666E+11 0.0 0.0 20000.0 2.0E+10 
0.0 1.7166666666666666E+11 20000.0 0.0 2.0E+10 
0.0 -1.7166666666666666E+11 -20000.0 0.0 2.0E+10 
1.7333333333333334E+11 0.0 0.0 -20000.0 2.0E+10 
-1.7333333333333334E+11 0.0 0.0 20000.0 2.0E+10 
0.0 1.7333333333333334E+11 20000.0 0.0 2.0E+10 
0.0 -1.7333333333333334E+11 -20000.0 0.0 2.0E+10 
1.75E+11 0.0 0.0 -20000.0 2.0E+10 
-1.75E+11 0.0 0.0 20000.0 2.0E+10 
0.0 1.75E+11 20000.0 0.0 2.0E+10 
0.0 -1.75E+11 -20000.0 0.0 2.0E+10 
1.7666666666666666E+11 0.0 0.0 -20000.0 2.0E+10 
-1.7666666666666666E+11 0.0 0.0 20000.0 2.0E+10 
0.0 1.7666666666666666E+11 20000.0 0.0 2.0E+10 
0.0 -1.7666666666666666E+11 -20000.0 0.0 2.0E+10 
1.7833333333333334E+11 0.0 0.0 -20000.0 2.0E+10 
-1.7833333333333334E+11 0.0 0.0 20000.0 2.0E+10 
0.0 1.7833333333333334E+11 20000.0 0.0 2.0E+10 
0.0 -1.7833333333333334E+11 -20000.0 0.0 2.0E+10 
1.8E+11 0.0 0.0 -20000.0 2.0E+10 
-1.8E+11 0.0 0.0 20000.0 2.0E+10 
0.0 1.8E+11 20000.0 0.0 2.0E+10 
0.0 -1.8E+11 -20000.0 0.0 2.0E+10 
1.8166666666666666E+11 0.0 0.0 -20000.0 2.0E+10 
-1.8166666666666666E+11 0.0 0.0 20000.0 2.0E+10 
0.0 1.8166666666666666E+11 20000.0 0.0 2.0E+10 
0.0 -1.8166666666666666E+11 -20000.0 0.0 2.0E+10 
1.833333333333333E+11 0.0 0.0 -20000.0 2.0E+10 
-1.833333333333333E+11 0.0 0.0 20000.0 2.0E+10 
0.0 1.833333333333333E+11 20000.0 0.0 2.0E+10 
0.0 -1.833333333333333E+11 -20000.0 0.0 2.0E+10 
1.85E+11 0.0 0.0 -20000.0 2.0E+10 
-1.85E+11 0.0 0.0 20000.0 2.0E+10 
0.0 1.85E+11 20000.0 0.0 2.0E+10 
0.0 -1.85E+11 -20000.0 0.0 2.0E+10 
1.866666666666667E+11 0.0 0.0 -20000.0 2.0E+10 
-1.866666666666667E+11 0.0 0.0 20000.0 2.0E+10 
0.0 1.866666666666667E+11 20000.0 0.0 2.0E+10 
0.0 -1.866666666666667E+11 -20000.0 0.0 2.0E+10 
1.883333333333333E+11 0.0 0.0 -20000.0 2.0E+10 
-1.883333333333333E+11 0.0 0.0 20000.0 2.0E+10 
0.0 1.883333333333333E+11 20000.0 0.0 2.0E+10 
0.0 -1.883333333333333E+11 -20000.0 0.0 2.0E+10 
1.9E+11 0.0 0.0 -20000.0 2.0E+10 
-1.9E+11 0.0 0.0 20000.0 2.0E+10 
0.0 1.9E+11 20000.0 0.0 2.0E+10 
0.0 -1.9E+11 -20000.0 0.0 2.0E+10 
1.916666666666667E+11 0.0 0.0 -20000.0 2.0E+10 
-1.916666666666667E+11 0.0 0.0 20000.0 2.0E+10 
0.0 1.916666666666667E+11 20000.0 0.0 2.0E+10 
0.0 -1.916666666666667E+11 -20000.0 0.0 2.0E+10 
1.9333333333333334E+11 0.0 0.0 -20000.0 2.0E+10 
-1.9333333333333334E+11 0.0 0.0 20000.0 2.0E+10 
0.0 1.9333333333333334E+11 20000.0 0.0 2.0E+10 
0.0 -1.9333333333333334E+11 -20000.0 0.0 2.0E+10 
1.95E+11 0.0 0.0 -20000.0 2.0E+10 
-1.95E+11 0.0 0.0 20000.0 2.0E+10 
0.0 1.95E+11 20000.0 0.0 2.0E+10 
0.0 -1.95E+11 -20000.0 0.0 2.0E+10 
1.9666666666666666E+11 0.0 0.0 -20000.0 2.0E+10 
-1.9666666666666666E+11 0.0 0.0 20000.0 2.0E+10 
0.0 1.9666666666666666E+11 20000.0 0.0 2.0E+10 
0.0 -1.9666666666666666E+11 -20000.0 0.0 2.0E+10 
1.9833333333333334E+11 0.0 0.0 -20000.0 2.0E+10 
-1.9833333333333334E+11 0.0 0.0 20000.0 2.0E+10 
0.0 1.9833333333333334E+11 20000.0 0.0 2.0E+10 
0.0 -1.9833333333333334E+11 -20000.0 0.0 2.0E+10 
2.0E+11 0.0 0.0 -20000.0 2.0E+10 
-2.0E+11 0.0 0.0 20000.0 2.0E+10 
0.0 2.0E+11 20000.0 0.0 2.0E+10 
0.0 -2.0E+11 -20000.0 0.0 2.0E+10 
2.0166666666666666E+11 0.0 0.0 -20000.0 2.0E+10 
-2.0166666666666666E+11 0.0 0.0 20000.0 2.0E+10 
0.0 2.0166666666666666E+11 20000.0 0.0 2.0E+10 
0.0 -2.0166666666666666E+11 -20000.0 0.0 2.0E+10 
2.0333333333333334E+11 0.0 0.0 -20000.0 2.0E+10 
-2.0333333333333334E+11 0.0 0.0 20000.0 2.0E+10 
0.0 2.0333333333333334E+11 20000.0 0.0 2.0E+10 
0.0 -2.0333333333333334E+11 -20000.0 0.0 2.0E+10 
2.05E+11 0.0 0.0 -20000.0 2.0E+10 
-2.05E+11 0.0 0.0 20000.0 2.0E+10 
0.0 2.05E+11 20000.0 0.0 2.0E+10 
0.0 -2.05E+11 -20000.0 0.0 2.0E+10 
2.0666666666666666E+11 0.0 0.0 -20000.0 2.0E+10 
-2.0666666666666666E+11 0.0 0.0 20000.0 2.0E+10 
0.0 2.0666666666666666E+11 20000.0 0.0 2.0E+10 
0.0 -2.0666666666666666E+11 -20000.0 0.0 2.0E+10 
2.0833333333333334E+11 0.0 0.0 -20000.0 2.0E+10 
-2.0833333333333334E+11 0.0 0.0 20000.0 2.0E+10 
0.0 2.0833333333333334E+11 20000.0 0.0 2.0E+10 
0.0 -2.0833333333333334E+11 -20000.0 0.0 2.0E+10 
2.1E+11 0.0 0.0 -20000.0 2.0E+10 
-2.1E+11 0.0 0.0 20000.0 2.0E+10 
0.0 2.1E+11 20000.0 0.0 2.0E+10 
0.0 -2.1E+11 -20000.0 0.0 2.0E+10 
2.1166666666666666E+11 0.0 0.0 -20000.0 2.0E+10 
-2.1166666666666666E+11 0.0 0.0 20000.0 2.0E+10 
0.0 2.1166666666666666E+11 20000.0 0.0 2.0E+10 
0.0 -2.1166666666666666E+11 -20000.0 0.0 2.0E+10 
2.1333333333333334E+11 0.0 0.0 -20000.0 2.0E+10 
-2.1333333333333334E+11 0.0 0.0 20000.0 2.0E+10 
0.0 2.1333333333333334E+11 20000.0 0.0 2.0E+10 
0.0 -2.1333333333333334E+11 -20000.0 0.0 2.0E+10 
2.15E+11 0.0 0.0 -20000.0 2.0E+10 
-2.15E+11 0.0 0.0 20000.0 2.0E+10 
0.0 2.15E+11 20000.0 0.0 2.0E+10 
0.0 -2.15E+11 -20000.0 0.0 2.0E+10 
2.166666666666667E+11 0.0 0.0 -20000.0 2.0E+10 
-2.166666666666667E+11 0.0 0.0 20000.0 2.0E+10 
0.0 2.166666666666667E+11 20000.0 0.0 2.0E+10 
0.0 -2.166666666666667E+11 -20000.0 0.0 2.0E+10 
2.183333333333333E+11 0.0 0.0 -20000.0 2.0E+10 
-2.183333333333333E+11 0.0 0.0 20000.0 2.0E+10 
0.0 2.183333333333333E+11 20000.0 0.0 2.0E+10 
0.0 -2.183333333333333E+11 -20000.0 0.0 2.0E+10 
2.2E+11 0.0 0.0 -20000.0 2.0E+10 
-2.2E+11 0.0 0.0 20000.0 2.0E+10 
0.0 2.2E+11 20000.0 0.0 2.0E+10 
0.0 -2.2E+11 -20000.0 0.0 2.0E+10 
2.216666666666667E+11 0.0 0.0 -20000.0 2.0E+10 
-2.216666666666667E+11 0.0 0.0 20000.0 2.0E+10 
0.0 2.216666666666667E+11 20000.0 0.0 2.0E+10 
0.0 -2.216666666666667E+11 -20000.0 0.0 2.0E+10 
2.233333333333333E+11 0.0 0.0 -20000.0 2.0E+10 
-2.233333333333333E+11 0.0 0.0 20000.0 2.0E+10 
0.0 2.233333333333333E+11 20000.0 0.0 2.0E+10 
0.0 -2.233333333333333E+11 -20000.0 0.0 2.0E+10 
2.25E+11 0.0 0.0 -20000.0 2.0E+10 
-2.25E+11 0.0 0.0 20000.0 2.0E+10 
0.0 2.25E+11 20000.0 0.0 2.0E+10 
0.0 -2.25E+11 -20000.0 0.0 2.0E+10 
2.2666666666666666E+11 0.0 0.0 -20000.0 2.0E+10 
-2.2666666666666666E+11 0.0 0.0 20000.0 2.0E+10 
0.0 2.2666666666666666E+11 20000.0 0.0 2.0E+10 
0.0 -2.2666666666666666E+11 -20000.0 0.0 2.0E+10 
2.2833333333333334E+11 0.0 0.0 -20000.0 2.0E+10 
-2.2833333333333334E+11 0.0 0.0 20000.0 2.0E+10 
0.0 2.2833333333333334E+11 20000.0 0.0 2.0E+10 
0.0 -2.2833333333333334E+11 -20000.0 0.0 2.0E+10 
2.3E+11 0.0 0.0 -20000.0 2.0E+10 
-2.3E+11 0.0 0.0 20000.0 2.0E+10 
0.0 2.3E+11 20000.0 0.0 2.0E+10 
0.0 -2.3E+11 -20000.0 0.0 2.0E+10 
2.3166666666666666E+11 0.0 0.0 -20000.0 2.0E+10 
-2.3166666666666666E+11 0.0 0.0 20000.0 2.0E+10 
0.0 2.3166666666666666E+11 20000.0 0.0 2.0E+10 
0.0 -2.3166666666666666E+11 -20000.0 0.0 2.0E+10 
2.3333333333333334E+11 0.0 0.0 -20000.0 2.0E+10 
-2.3333333333333334E+11 0.0 0.0 20000.0 2.0E+10 
0.0 2.3333333333333334E+11 20000.0 0.0 2.0E+10 
0.0 -2.3333333333333334E+11 -20000.0 0.0 2.0E+10 
2.35E+11 0.0 0.0 -20000.0 2.0E+10 
-2.35E+11 0.0 0.0 20000.0 2.0E+10 
0.0 2.35E+11 20000.0 0.0 2.0E+10 
0.0 -2.35E+11 -20000.0 0.0 2.0E+10 
2.3666666666666666E+11 0.0 0.0 -20000.0 2.0E+10 
-2.3666666666666666E+11 0.0 0.0 20000.0 2.0E+10 
0.0 2.3666666666666666E+11 20000.0 0.0 2.0E+10 
0.0 -2.3666666666666666E+11 -20000.0 0.0 2.0E+10 
2.3833333333333334E+11 0.0 0.0 -20000.0 2.0E+10 
-2.3833333333333334E+11 0.0 0.0 20000.0 2.0E+10 
0.0 2.3833333333333334E+11 20000.0 0.0 2.0E+10 
0.0 -2.3833333333333334E+11 -20000.0 0.0 2.0E+10 
2.4E+11 0.0 0.0 -20000.0 2.0E+10 
-2.4E+11 0.0 0.0 20000.0 2.0E+10 
0.0 2.4E+11 20000.0 0.0 2.0E+10 
0.0 -2.4E+11 -20000.0 0.0 2.0E+10 
2.4166666666666666E+11 0.0 0.0 -20000.0 2.0E+10 
-2.4166666666666666E+11 0.0 0.0 20000.0 2.0E+10 
0.0 2.4166666666666666E+11 20000.0 0.0 2.0E+10 
0.0 -2.4166666666666666E+11 -20000.0 0.0 2.0E+10 
2.4333333333333334E+11 0.0 0.0 -20000.0 2.0E+10 
-2.4333333333333334E+11 0.0 0.0 20000.0 2.0E+10 
0.0 2.4333333333333334E+11 20000.0 0.0 2.0E+10 
0.0 -2.4333333333333334E+11 -20000.0 0.0 2.0E+10 
2.45E+11 0.0 0.0 -20000.0 2.0E+10 
-2.45E+11 0.0 0.0 20000.0 2.0E+10 
0.0 2.45E+11 20000.0 0.0 2.0E+10 
0.0 -2.45E+11 -20000.0 0.0 2.0E+10 
2.466666666666667E+11 0.0 0.0 -20000.0 2.0E+10 
-2.466666666666667E+11 0.0 0.0 20000.0 2.0E+10 
0.0 2.466666666666667E+11 20000.0 0.0 2.0E+10 
0.0 -2.466666666666667E+11 -20000.0 0.0 2.0E+10 
2.483333333333333E+11 0.0 0.0 -20000.0 2.0E+10 
-2.483333333333333E+11 0.0 0.0 20000.0 2.0E+10 
0.0 2.483333333333333E+11 20000.0 0.0 2.0E+10 
0.0 -2.483333333333333E+11 -20000.0 0.0 2.0E+10 
2.5E+11 0.0 0.0 -20000.0 2.0E+10 
-2.5E+11 0.0 0.0 20000.0 2.0E+10 
0.0 2.5E+11 20000.0 0.0 2.0E+10 
0.0 -2.5E+11 -20000.0 0.0 2.0E+10 
Cre+ator of the Unive+rse:  E+rik 
COS 126 Pre+cept P07A, Spring 
Le+ss comple+x flowe+r with dt = 
