 1.000e+11  0              0  129132.5 1e+32 
-1.000e+11  0              0 -129132.5 1e+32 
 2.828e+11  2.828e+11  100000 -100000   1e+26 
 2.828e+11 -2.828e+11 -100000 -100000   1e+26 
-2.828e+11 -2.828e+11 -100000  100000   1e+26 
-2.828e+11 2.828e+11   100000  100000   1e+26 
 9.000e+11 0               0   97500   1e+24 
-9.000e+11 0               0  -97500   1e+24 
 0.000    9e+11       -97500       0   1e+24 
 0.000   -9e+11        97500       0   1e+24 
Cre+ator of unive+rse: Rohan Kapadia, COS 126, Spring 
10 dancing 
