 1.50e+11  0.00e+00  0.00e+00 -2.29e+04 7.45e+19 
-1.50e+11  0.00e+00  0.00e+00  2.29e+04 7.45e+19 
 0.00e+00 -1.50e+11  2.29e+04  0.00e+00 7.45e+19 
 0.00e+00  1.50e+11 -2.29e+04  0.00e+00 7.45e+19 
 1.48e+11  0.00e+00  0.00e+00 -2.29e+04 7.45e+19 
-1.48e+11  0.00e+00  0.00e+00  2.29e+04 7.45e+19 
 0.00e+00 -1.48e+11  2.29e+04  0.00e+00 7.45e+19 
 0.00e+00  1.48e+11 -2.29e+04  0.00e+00 7.45e+19 
 1.46e+11  0.00e+00  0.00e+00 -2.29e+04 7.45e+19 
-1.46e+11  0.00e+00  0.00e+00  2.29e+04 7.45e+19 
 0.00e+00 -1.46e+11  2.29e+04  0.00e+00 7.45e+19 
 0.00e+00  1.46e+11 -2.29e+04  0.00e+00 7.45e+19 
 1.44e+11  0.00e+00  0.00e+00 -2.29e+04 7.45e+19 
-1.44e+11  0.00e+00  0.00e+00  2.29e+04 7.45e+19 
 0.00e+00 -1.44e+11  2.29e+04  0.00e+00 7.45e+19 
 0.00e+00  1.44e+11 -2.29e+04  0.00e+00 7.45e+19 
 1.42e+11  0.00e+00  0.00e+00 -2.29e+04 7.45e+19 
-1.42e+11  0.00e+00  0.00e+00  2.29e+04 7.45e+19 
 0.00e+00 -1.42e+11  2.29e+04  0.00e+00 7.45e+19 
 0.00e+00  1.42e+11 -2.29e+04  0.00e+00 7.45e+19 
 1.40e+11  0.00e+00  0.00e+00 -2.29e+04 7.45e+19 
-1.40e+11  0.00e+00  0.00e+00  2.29e+04 7.45e+19 
 0.00e+00 -1.40e+11  2.29e+04  0.00e+00 7.45e+19 
 0.00e+00  1.40e+11 -2.29e+04  0.00e+00 7.45e+19 
 1.38e+11  0.00e+00  0.00e+00 -2.29e+04 7.45e+19 
-1.38e+11  0.00e+00  0.00e+00  2.29e+04 7.45e+19 
 0.00e+00 -1.38e+11  2.29e+04  0.00e+00 7.45e+19 
 0.00e+00  1.38e+11 -2.29e+04  0.00e+00 7.45e+19 
 1.36e+11  0.00e+00  0.00e+00 -2.29e+04 7.45e+19 
-1.36e+11  0.00e+00  0.00e+00  2.29e+04 7.45e+19 
 0.00e+00 -1.36e+11  2.29e+04  0.00e+00 7.45e+19 
 0.00e+00  1.36e+11 -2.29e+04  0.00e+00 7.45e+19 
 1.34e+11  0.00e+00  0.00e+00 -2.29e+04 7.45e+19 
-1.34e+11  0.00e+00  0.00e+00  2.29e+04 7.45e+19 
 0.00e+00 -1.34e+11  2.29e+04  0.00e+00 7.45e+19 
 0.00e+00  1.34e+11 -2.29e+04  0.00e+00 7.45e+19 
 1.32e+11  0.00e+00  0.00e+00 -2.29e+04 7.45e+19 
-1.32e+11  0.00e+00  0.00e+00  2.29e+04 7.45e+19 
 0.00e+00 -1.32e+11  2.29e+04  0.00e+00 7.45e+19 
 0.00e+00  1.32e+11 -2.29e+04  0.00e+00 7.45e+19 
 1.30e+11  0.00e+00  0.00e+00 -2.29e+04 7.45e+19 
-1.30e+11  0.00e+00  0.00e+00  2.29e+04 7.45e+19 
 0.00e+00 -1.30e+11  2.29e+04  0.00e+00 7.45e+19 
 0.00e+00  1.30e+11 -2.29e+04  0.00e+00 7.45e+19 
 1.28e+11  0.00e+00  0.00e+00 -2.29e+04 7.45e+19 
-1.28e+11  0.00e+00  0.00e+00  2.29e+04 7.45e+19 
 0.00e+00 -1.28e+11  2.29e+04  0.00e+00 7.45e+19 
 0.00e+00  1.28e+11 -2.29e+04  0.00e+00 7.45e+19 
 1.26e+11  0.00e+00  0.00e+00 -2.29e+04 7.45e+19 
-1.26e+11  0.00e+00  0.00e+00  2.29e+04 7.45e+19 
 0.00e+00 -1.26e+11  2.29e+04  0.00e+00 7.45e+19 
 0.00e+00  1.26e+11 -2.29e+04  0.00e+00 7.45e+19 
 1.24e+11  0.00e+00  0.00e+00 -2.29e+04 7.45e+19 
-1.24e+11  0.00e+00  0.00e+00  2.29e+04 7.45e+19 
 0.00e+00 -1.24e+11  2.29e+04  0.00e+00 7.45e+19 
 0.00e+00  1.24e+11 -2.29e+04  0.00e+00 7.45e+19 
 1.22e+11  0.00e+00  0.00e+00 -2.29e+04 7.45e+19 
-1.22e+11  0.00e+00  0.00e+00  2.29e+04 7.45e+19 
 0.00e+00 -1.22e+11  2.29e+04  0.00e+00 7.45e+19 
 0.00e+00  1.22e+11 -2.29e+04  0.00e+00 7.45e+19 
 1.20e+11  0.00e+00  0.00e+00 -2.29e+04 7.45e+19 
-1.20e+11  0.00e+00  0.00e+00  2.29e+04 7.45e+19 
 0.00e+00 -1.20e+11  2.29e+04  0.00e+00 7.45e+19 
 0.00e+00  1.20e+11 -2.29e+04  0.00e+00 7.45e+19 
 1.49e+11  1.49e+11  1.00e+04  3.29e+04 5.40e+20 
-1.49e+11 -1.49e+11 -1.00e+04 -3.29e+04 5.40e+20 
 1.49e+11  1.00e+11  1.00e+04  2.286e+4 5.50e+20 
-1.49e+11 -1.00e+11 -1.00e+04 -2.286e+4 5.50e+20 
0.000e+00 0.000e+00 0.000e+00 0.000e+00 5.974e+30 
Unive+rse cre+ated by: Chris Thompson 2010 Spring 
