 0.000e+00  0.000e+00  0.000e+00  0.000e+00  1.989e+30  
 1.500e+11  0.000e+00  0.000e+00  1.030e+04  7.350e+22  
-1.500e+11  0.000e+00  0.000e+00 -1.030e+04  7.350e+22  
 0.000e+00  1.500e+11 -1.030e+04  0.000e+00  7.350e+22  
 0.000e+00 -1.500e+11  1.030e+04  0.000e+00  7.350e+22  
 1.061e+11  1.061e+11 -7.283e+03  7.283e+03  7.350e+22  
-1.061e+11 -1.061e+11  7.283e+03 -7.283e+03  7.350e+22  
 1.061e+11 -1.061e+11  7.283e+03  7.283e+03  7.350e+22  
-1.061e+11  1.061e+11 -7.283e+03 -7.283e+03  7.350e+22  
 1.000e+11  0.000e+00  0.000e+00 -2.030e+04  7.350e+22  
-1.000e+11  0.000e+00  0.000e+00  2.030e+04  7.350e+22  
 0.000e+00  1.0000e+11 2.030e+04  0.000e+00  7.350e+22  
 0.000e+00 -1.000e+11 -2.030e+04  0.000e+00  7.350e+22  
 7.070e+10  7.070e+10  1.4350e+4 -1.435e+04  7.350e+22  
-7.070e+10 -7.070e+10 -1.4350e+4  1.435e+04  7.350e+22  
 7.070e+10 -7.070e+10 -1.4350e+4 -1.435e+04  7.350e+22  
-7.070e+10  7.070e+10  1.4350e+4  1.435e+04  7.350e+22  
 2.279e+11  0.000e+00  0.000e+00  2.410e+04  6.419e+23  
 0.000e+00  2.279e+11 -2.410e+04  0.000e+00  6.419e+23  
-2.279e+11  0.000e+00  0.000e+00 -2.410e+04  6.419e+23  
 0.000e+00 -2.279e+11  2.410e+04  0.000e+00  6.419e+23  
 1.610e+11  1.610e+11  1.700e+04 -1.700e+04  6.419e+23  
-1.610e+11 -1.610e+11 -1.700e+04  1.700e+04  6.419e+23  
-1.610e+11  1.610e+11  1.700e+04  1.700e+04  6.419e+23  
 1.610e+11 -1.610e+11 -1.700e+04 -1.700e+04  6.419e+23  
