1.496e+11 0.000e+00 0.000e+00 2.980e+04 5.974e+24 
6.579e+12 0.000e+00 3.410e+05 0.000e+00 1.3055e+22 
5.790e+10 0.000e+00 0.000e+00 4.790e+04 3.302e+23 
0.000e+00 0.000e+00 0.000e+00 0.000e+00 1.989e+30 
1.082e+11 0.000e+00 0.000e+00 3.500e+04 4.869e+24 
3.59e+13 0.000e+00  -1.641e+06 0.000e+00 6.419e+33 
2.279e+11 0.000e+00 0.000e+00 2.410e+04 6.419e+23 
7.779e+11 0.000e+00 0.000e+00 1.307e+04 1.899e+27  
1.427e+12 0.000e+00 0.000e+00 9.639e+03 5.6846e+26 
5.503e+12 0.000e+00 0.000e+00 5.432e+03 1.0243e+26 
2.870e+12 0.000e+00 0.000e+00 6.795e+03 8.683e+25 
0.000e+00 -9.99e+12 0.000e+00 1.999e+06 1.000000 
0.000e+00 -3.50e+13 0.000e+00 1.999e+06 1.000000 
Cre+ator of the Unive+rse: Andre+w 
Pluto's 
