3.0E+11 0.0 1000.0 0.0 1.0E+9 
2.998629534754574E+11 5.233595624294383E+9 998.6295347545738 52.33595624294383 1.0E+9 
2.992546151641322E+11 1.2186934340514748E+10 992.546151641322 121.86934340514748 1.0E+9 
2.984807753012208E+11 1.736481776669303E+10 984.807753012208 173.64817766693034 1.0E+9 
2.970295726275996E+11 2.4192189559966774E+10 970.2957262759965 241.92189559966772 1.0E+9 
2.951056516295154E+11 3.090169943749474E+10 951.0565162951535 309.0169943749474 1.0E+9 
2.9335804264972015E+11 3.583679495453003E+10 933.5804264972018 358.3679495453003 1.0E+9 
2.90630778703665E+11 4.226182617406995E+10 906.30778703665 422.61826174069944 1.0E+9 
2.882947592858927E+11 4.694715627858908E+10 882.947592858927 469.4715627858908 1.0E+9 
2.848048096156426E+11 5.299192642332049E+10 848.0480961564259 529.9192642332049 1.0E+9 
2.8090169943749475E+11 5.8778525229247314E+10 809.0169943749474 587.7852522924732 1.0E+9 
2.777145961456971E+11 6.293203910498375E+10 777.1459614569709 629.3203910498376 1.0E+9 
2.7313537016191705E+11 6.819983600624985E+10 731.3537016191705 681.9983600624985 1.0E+9 
2.6946583704589972E+11 7.193398003386511E+10 694.6583704589974 719.3398003386511 1.0E+9 
2.6427876096865393E+11 7.66044443118978E+10 642.7876096865393 766.044443118978 1.0E+9 
2.587785252292473E+11 8.090169943749475E+10 587.7852522924732 809.0169943749474 1.0E+9 
2.5446390350150272E+11 8.386705679454239E+10 544.6390350150272 838.670567945424 1.0E+9 
2.4848096202463373E+11 8.746197071393958E+10 484.8096202463371 874.6197071393957 1.0E+9 
2.4383711467890775E+11 8.98794046299167E+10 438.37114678907744 898.794046299167 1.0E+9 
2.3746065934159122E+11 9.271838545667873E+10 374.6065934159122 927.1838545667873 1.0E+9 
2.3090169943749475E+11 9.510565162951535E+10 309.01699437494744 951.0565162951535 1.0E+9 
2.2588190451025208E+11 9.659258262890683E+10 258.81904510252076 965.9258262890684 1.0E+9 
2.1908089953765448E+11 9.81627183447664E+10 190.8089953765449 981.6271834476639 1.0E+9 
2.1391731009600653E+11 9.902680687415704E+10 139.17310096006545 990.2680687415703 1.0E+9 
2.0697564737441254E+11 9.975640502598242E+10 69.75647374412523 997.5640502598242 1.0E+9 
2.0E+11 1.0E+11 6.123233995736766E+-14 1000.0 1.0E+9 
1.9476640437570563E+11 9.986295347545738E+10 -52.335956242943844 998.6295347545738 1.0E+9 
1.8781306565948526E+11 9.92546151641322E+10 -121.86934340514736 992.5461516413221 1.0E+9 
1.8263518223330698E+11 9.84807753012208E+10 -173.6481776669303 984.807753012208 1.0E+9 
1.7580781044003323E+11 9.702957262759964E+10 -241.92189559966755 970.2957262759965 1.0E+9 
1.6909830056250525E+11 9.510565162951537E+10 -309.01699437494733 951.0565162951536 1.0E+9 
1.6416320504546997E+11 9.335804264972017E+10 -358.3679495453003 933.5804264972018 1.0E+9 
1.5773817382593005E+11 9.063077870366501E+10 -422.6182617406993 906.3077870366501 1.0E+9 
1.5305284372141095E+11 8.829475928589272E+10 -469.4715627858905 882.9475928589271 1.0E+9 
1.470080735766795E+11 8.480480961564261E+10 -529.9192642332048 848.048096156426 1.0E+9 
1.412214747707527E+11 8.090169943749475E+10 -587.785252292473 809.0169943749474 1.0E+9 
1.3706796089501627E+11 7.77145961456971E+10 -629.3203910498373 777.145961456971 1.0E+9 
1.3180016399375015E+11 7.313537016191705E+10 -681.9983600624984 731.3537016191706 1.0E+9 
1.280660199661349E+11 6.946583704589975E+10 -719.339800338651 694.6583704589975 1.0E+9 
1.233955556881022E+11 6.4278760968653946E+10 -766.0444431189779 642.7876096865394 1.0E+9 
1.1909830056250526E+11 5.877852522924732E+10 -809.0169943749473 587.7852522924733 1.0E+9 
1.1613294320545761E+11 5.446390350150273E+10 -838.670567945424 544.6390350150273 1.0E+9 
1.1253802928606042E+11 4.848096202463372E+10 -874.6197071393957 484.80962024633715 1.0E+9 
1.1012059537008331E+11 4.383711467890777E+10 -898.7940462991668 438.37114678907767 1.0E+9 
1.0728161454332127E+11 3.7460659341591225E+10 -927.1838545667873 374.60659341591224 1.0E+9 
1.0489434837048465E+11 3.090169943749475E+10 -951.0565162951535 309.0169943749475 1.0E+9 
1.0340741737109319E+11 2.58819045102521E+10 -965.9258262890683 258.81904510252105 1.0E+9 
1.018372816552336E+11 1.9080899537654495E+10 -981.6271834476639 190.80899537654497 1.0E+9 
1.0097319312584296E+11 1.3917310096006533E+10 -990.2680687415703 139.17310096006534 1.0E+9 
1.0024359497401758E+11 6.975647374412553E+9 -997.5640502598242 69.75647374412553 1.0E+9 
1.0E+11 1.2246467991473532E+-5 -1000.0 1.2246467991473532E+-13 1.0E+9 
1.0013704652454262E+11 -5.233595624294356E+9 -998.6295347545738 -52.33595624294357 1.0E+9 
1.007453848358678E+11 -1.2186934340514776E+10 -992.546151641322 -121.86934340514776 1.0E+9 
1.015192246987792E+11 -1.7364817766693047E+10 -984.807753012208 -173.64817766693048 1.0E+9 
1.0297042737240034E+11 -2.419218955996675E+10 -970.2957262759966 -241.92189559966752 1.0E+9 
1.0489434837048465E+11 -3.0901699437494774E+10 -951.0565162951535 -309.0169943749477 1.0E+9 
1.0664195735027983E+11 -3.5836794954530045E+10 -933.5804264972018 -358.36794954530046 1.0E+9 
1.0936922129633499E+11 -4.226182617406993E+10 -906.3077870366501 -422.61826174069927 1.0E+9 
1.1170524071410728E+11 -4.694715627858905E+10 -882.9475928589271 -469.47156278589046 1.0E+9 
1.1519519038435739E+11 -5.299192642332048E+10 -848.048096156426 -529.9192642332048 1.0E+9 
1.1909830056250525E+11 -5.87785252292473E+10 -809.0169943749474 -587.785252292473 1.0E+9 
1.2228540385430289E+11 -6.293203910498373E+10 -777.1459614569711 -629.3203910498373 1.0E+9 
1.2686462983808295E+11 -6.819983600624984E+10 -731.3537016191706 -681.9983600624984 1.0E+9 
1.3053416295410025E+11 -7.193398003386508E+10 -694.6583704589975 -719.3398003386509 1.0E+9 
1.3572123903134605E+11 -7.66044443118978E+10 -642.7876096865394 -766.0444431189779 1.0E+9 
1.412214747707527E+11 -8.090169943749474E+10 -587.7852522924733 -809.0169943749473 1.0E+9 
1.455360964984973E+11 -8.38670567945424E+10 -544.6390350150269 -838.6705679454241 1.0E+9 
1.5151903797536624E+11 -8.746197071393954E+10 -484.8096202463376 -874.6197071393955 1.0E+9 
1.5616288532109222E+11 -8.987940462991669E+10 -438.3711467890777 -898.7940462991668 1.0E+9 
1.6253934065840875E+11 -9.271838545667873E+10 -374.6065934159123 -927.1838545667873 1.0E+9 
1.6909830056250525E+11 -9.510565162951535E+10 -309.01699437494756 -951.0565162951535 1.0E+9 
1.7411809548974792E+11 -9.659258262890683E+10 -258.81904510252065 -965.9258262890684 1.0E+9 
1.8091910046234555E+11 -9.81627183447664E+10 -190.8089953765446 -981.6271834476639 1.0E+9 
1.860826899039934E+11 -9.902680687415703E+10 -139.17310096006582 -990.2680687415702 1.0E+9 
1.9302435262558743E+11 -9.975640502598242E+10 -69.75647374412559 -997.5640502598242 1.0E+9 
1.9999999999999997E+11 -1.0E+11 -1.8369701987210297E+-13 -1000.0 1.0E+9 
2.052335956242943E+11 -9.98629534754574E+10 52.335956242943055 -998.6295347545739 1.0E+9 
2.1218693434051477E+11 -9.92546151641322E+10 121.86934340514769 -992.546151641322 1.0E+9 
2.17364817766693E+11 -9.848077530122081E+10 173.64817766692997 -984.8077530122081 1.0E+9 
2.2419218955996674E+11 -9.702957262759966E+10 241.92189559966747 -970.2957262759966 1.0E+9 
2.3090169943749472E+11 -9.510565162951537E+10 309.0169943749472 -951.0565162951536 1.0E+9 
2.3583679495453003E+11 -9.335804264972017E+10 358.3679495453004 -933.5804264972018 1.0E+9 
2.422618261740699E+11 -9.063077870366502E+10 422.6182617406988 -906.3077870366503 1.0E+9 
2.4694715627858905E+11 -8.829475928589272E+10 469.4715627858904 -882.9475928589271 1.0E+9 
2.5299192642332047E+11 -8.480480961564261E+10 529.9192642332047 -848.048096156426 1.0E+9 
2.5877852522924728E+11 -8.090169943749475E+10 587.7852522924729 -809.0169943749476 1.0E+9 
2.6293203910498367E+11 -7.771459614569713E+10 629.3203910498369 -777.1459614569713 1.0E+9 
2.6819983600624985E+11 -7.313537016191704E+10 681.9983600624986 -731.3537016191704 1.0E+9 
2.7193398003386508E+11 -6.946583704589977E+10 719.3398003386509 -694.6583704589976 1.0E+9 
2.7660444431189777E+11 -6.427876096865396E+10 766.0444431189778 -642.7876096865396 1.0E+9 
2.8090169943749475E+11 -5.877852522924734E+10 809.0169943749473 -587.7852522924734 1.0E+9 
2.838670567945424E+11 -5.44639035015027E+10 838.6705679454241 -544.6390350150269 1.0E+9 
2.874619707139396E+11 -4.8480962024633766E+10 874.6197071393954 -484.80962024633766 1.0E+9 
2.898794046299167E+11 -4.3837114678907776E+10 898.7940462991668 -438.3711467890778 1.0E+9 
2.927183854566787E+11 -3.746065934159123E+10 927.1838545667873 -374.60659341591236 1.0E+9 
2.951056516295154E+11 -3.0901699437494762E+10 951.0565162951535 -309.0169943749476 1.0E+9 
2.9659258262890686E+11 -2.5881904510252068E+10 965.9258262890684 -258.8190451025207 1.0E+9 
2.981627183447664E+11 -1.9080899537654465E+10 981.6271834476639 -190.80899537654466 1.0E+9 
2.9902680687415704E+11 -1.3917310096006588E+10 990.2680687415702 -139.17310096006588 1.0E+9 
2.997564050259824E+11 -6.975647374412563E+9 997.5640502598242 -69.75647374412563 1.0E+9 
2.8E+11 0.0 800.0 0.0 1.0E+9 
2.798903627803659E+11 4.1868764994355063E+9 798.9036278036591 41.86876499435506 1.0E+9 
2.794036921313058E+11 9.749547472411798E+9 794.0369213130576 97.49547472411798 1.0E+9 
2.787846202409766E+11 1.3891854213354427E+10 787.8462024097664 138.91854213354426 1.0E+9 
2.776236581020797E+11 1.935375164797342E+10 776.2365810207972 193.5375164797342 1.0E+9 
2.760845213036123E+11 2.4721359549995792E+10 760.8452130361228 247.2135954999579 1.0E+9 
2.7468643411977612E+11 2.866943596362402E+10 746.8643411977614 286.6943596362402 1.0E+9 
2.72504622962932E+11 3.3809460939255955E+10 725.0462296293199 338.09460939255956 1.0E+9 
2.7063580742871417E+11 3.755772502287126E+10 706.3580742871416 375.57725022871267 1.0E+9 
2.6784384769251407E+11 4.2393541138656395E+10 678.4384769251408 423.93541138656394 1.0E+9 
2.647213595499958E+11 4.702282018339785E+10 647.2135954999579 470.2282018339785 1.0E+9 
2.6217167691655768E+11 5.0345631283987E+10 621.7167691655767 503.45631283987 1.0E+9 
2.5850829612953363E+11 5.455986880499988E+10 585.0829612953364 545.5986880499988 1.0E+9 
2.555726696367198E+11 5.754718402709209E+10 555.7266963671979 575.4718402709209 1.0E+9 
2.5142300877492316E+11 6.128355544951824E+10 514.2300877492315 612.8355544951825 1.0E+9 
2.4702282018339786E+11 6.47213595499958E+10 470.2282018339785 647.2135954999579 1.0E+9 
2.4357112280120218E+11 6.709364543563392E+10 435.71122801202176 670.9364543563391 1.0E+9 
2.3878476961970697E+11 6.996957657115166E+10 387.8476961970697 699.6957657115166 1.0E+9 
2.350696917431262E+11 7.190352370393336E+10 350.69691743126197 719.0352370393337 1.0E+9 
2.2996852747327298E+11 7.417470836534299E+10 299.68527473272974 741.7470836534299 1.0E+9 
2.247213595499958E+11 7.608452130361229E+10 247.21359549995796 760.8452130361228 1.0E+9 
2.2070552360820166E+11 7.727406610312546E+10 207.0552360820166 772.7406610312546 1.0E+9 
2.152647196301236E+11 7.853017467581313E+10 152.64719630123594 785.3017467581312 1.0E+9 
2.1113384807680524E+11 7.922144549932562E+10 111.33848076805238 792.2144549932563 1.0E+9 
2.0558051789953003E+11 7.980512402078593E+10 55.80517899530019 798.0512402078593 1.0E+9 
2.0E+11 8.0E+10 4.898587196589413E+-14 800.0 1.0E+9 
1.9581312350056448E+11 7.98903627803659E+10 -41.868764994355075 798.9036278036591 1.0E+9 
1.902504525275882E+11 7.940369213130577E+10 -97.4954747241179 794.0369213130576 1.0E+9 
1.8610814578664557E+11 7.878462024097664E+10 -138.91854213354424 787.8462024097664 1.0E+9 
1.806462483520266E+11 7.762365810207971E+10 -193.53751647973405 776.2365810207972 1.0E+9 
1.752786404500042E+11 7.608452130361229E+10 -247.21359549995788 760.8452130361229 1.0E+9 
1.7133056403637598E+11 7.468643411977614E+10 -286.6943596362402 746.8643411977614 1.0E+9 
1.6619053906074405E+11 7.2504622962932E+10 -338.09460939255945 725.04622962932 1.0E+9 
1.6244227497712875E+11 7.063580742871417E+10 -375.57725022871244 706.3580742871417 1.0E+9 
1.5760645886134363E+11 6.7843847692514084E+10 -423.9354113865638 678.4384769251409 1.0E+9 
1.5297717981660217E+11 6.47213595499958E+10 -470.2282018339784 647.2135954999579 1.0E+9 
1.49654368716013E+11 6.217167691655768E+10 -503.45631283986984 621.7167691655768 1.0E+9 
1.4544013119500012E+11 5.8508296129533646E+10 -545.5986880499987 585.0829612953364 1.0E+9 
1.4245281597290793E+11 5.5572669636719795E+10 -575.4718402709208 555.726696367198 1.0E+9 
1.3871644455048175E+11 5.142300877492316E+10 -612.8355544951824 514.2300877492315 1.0E+9 
1.3527864045000421E+11 4.702282018339786E+10 -647.2135954999578 470.2282018339786 1.0E+9 
1.3290635456436609E+11 4.357112280120219E+10 -670.9364543563391 435.7112280120218 1.0E+9 
1.3003042342884834E+11 3.878476961970697E+10 -699.6957657115166 387.84769619706975 1.0E+9 
1.2809647629606665E+11 3.506969174312621E+10 -719.0352370393334 350.69691743126214 1.0E+9 
1.2582529163465701E+11 2.996852747327298E+10 -741.7470836534299 299.6852747327298 1.0E+9 
1.2391547869638771E+11 2.47213595499958E+10 -760.8452130361228 247.21359549995802 1.0E+9 
1.2272593389687454E+11 2.0705523608201683E+10 -772.7406610312546 207.05523608201682 1.0E+9 
1.2146982532418687E+11 1.5264719630123598E+10 -785.3017467581312 152.64719630123597 1.0E+9 
1.2077855450067438E+11 1.1133848076805225E+10 -792.2144549932563 111.33848076805226 1.0E+9 
1.2019487597921407E+11 5.580517899530042E+9 -798.0512402078593 55.80517899530042 1.0E+9 
1.2E+11 9.797174393178825E+-6 -800.0 9.797174393178826E+-14 1.0E+9 
1.201096372196341E+11 -4.186876499435485E+9 -798.9036278036591 -41.86876499435485 1.0E+9 
1.2059630786869424E+11 -9.74954747241182E+9 -794.0369213130576 -97.4954747241182 1.0E+9 
1.2121537975902336E+11 -1.3891854213354437E+10 -787.8462024097664 -138.91854213354438 1.0E+9 
1.2237634189792027E+11 -1.93537516479734E+10 -776.2365810207973 -193.537516479734 1.0E+9 
1.2391547869638771E+11 -2.472135954999582E+10 -760.8452130361228 -247.2135954999582 1.0E+9 
1.2531356588022386E+11 -2.8669435963624035E+10 -746.8643411977614 -286.69435963624034 1.0E+9 
1.27495377037068E+11 -3.3809460939255943E+10 -725.04622962932 -338.0946093925594 1.0E+9 
1.2936419257128583E+11 -3.755772502287124E+10 -706.3580742871417 -375.5772502287124 1.0E+9 
1.3215615230748592E+11 -4.239354113865638E+10 -678.4384769251409 -423.9354113865638 1.0E+9 
1.3527864045000421E+11 -4.702282018339784E+10 -647.2135954999579 -470.2282018339784 1.0E+9 
1.3782832308344232E+11 -5.0345631283986984E+10 -621.7167691655769 -503.45631283986984 1.0E+9 
1.4149170387046637E+11 -5.455986880499987E+10 -585.0829612953364 -545.5986880499987 1.0E+9 
1.444273303632802E+11 -5.754718402709207E+10 -555.726696367198 -575.4718402709207 1.0E+9 
1.4857699122507684E+11 -6.1283555449518234E+10 -514.2300877492315 -612.8355544951824 1.0E+9 
1.5297717981660214E+11 -6.472135954999579E+10 -470.2282018339786 -647.2135954999578 1.0E+9 
1.5642887719879785E+11 -6.709364543563393E+10 -435.7112280120216 -670.9364543563393 1.0E+9 
1.61215230380293E+11 -6.996957657115164E+10 -387.8476961970701 -699.6957657115164 1.0E+9 
1.6493030825687378E+11 -7.190352370393335E+10 -350.6969174312622 -719.0352370393334 1.0E+9 
1.7003147252672702E+11 -7.417470836534299E+10 -299.68527473272985 -741.7470836534299 1.0E+9 
1.752786404500042E+11 -7.608452130361229E+10 -247.21359549995805 -760.8452130361228 1.0E+9 
1.7929447639179834E+11 -7.727406610312546E+10 -207.0552360820165 -772.7406610312546 1.0E+9 
1.8473528036987643E+11 -7.853017467581313E+10 -152.64719630123568 -785.3017467581312 1.0E+9 
1.8886615192319473E+11 -7.922144549932562E+10 -111.33848076805266 -792.2144549932563 1.0E+9 
1.9441948210046994E+11 -7.980512402078593E+10 -55.805178995300466 -798.0512402078593 1.0E+9 
2.0E+11 -8.0E+10 -1.4695761589768238E+-13 -800.0 1.0E+9 
2.0418687649943546E+11 -7.989036278036592E+10 41.86876499435444 -798.9036278036591 1.0E+9 
2.097495474724118E+11 -7.940369213130576E+10 97.49547472411815 -794.0369213130576 1.0E+9 
2.138918542133544E+11 -7.878462024097665E+10 138.91854213354398 -787.8462024097665 1.0E+9 
2.193537516479734E+11 -7.762365810207973E+10 193.53751647973397 -776.2365810207973 1.0E+9 
2.247213595499958E+11 -7.608452130361229E+10 247.2135954999578 -760.8452130361229 1.0E+9 
2.2866943596362402E+11 -7.468643411977614E+10 286.6943596362403 -746.8643411977614 1.0E+9 
2.3380946093925592E+11 -7.250462296293202E+10 338.09460939255905 -725.0462296293202 1.0E+9 
2.3755772502287122E+11 -7.063580742871417E+10 375.57725022871233 -706.3580742871417 1.0E+9 
2.4239354113865637E+11 -6.7843847692514084E+10 423.9354113865637 -678.4384769251409 1.0E+9 
2.4702282018339783E+11 -6.4721359549995804E+10 470.22820183397835 -647.213595499958 1.0E+9 
2.5034563128398694E+11 -6.217167691655771E+10 503.4563128398695 -621.716769165577 1.0E+9 
2.5455986880499988E+11 -5.850829612953363E+10 545.5986880499988 -585.0829612953363 1.0E+9 
2.5754718402709207E+11 -5.557266963671981E+10 575.4718402709207 -555.7266963671981 1.0E+9 
2.6128355544951822E+11 -5.1423008774923164E+10 612.8355544951822 -514.2300877492316 1.0E+9 
2.647213595499958E+11 -4.7022820183397865E+10 647.2135954999578 -470.2282018339787 1.0E+9 
2.670936454356339E+11 -4.3571122801202156E+10 670.9364543563393 -435.7112280120216 1.0E+9 
2.699695765711516E+11 -3.8784769619707016E+10 699.6957657115163 -387.84769619707015 1.0E+9 
2.7190352370393335E+11 -3.506969174312622E+10 719.0352370393334 -350.69691743126225 1.0E+9 
2.74174708365343E+11 -2.9968527473272987E+10 741.7470836534299 -299.68527473272985 1.0E+9 
2.760845213036123E+11 -2.4721359549995808E+10 760.8452130361228 -247.2135954999581 1.0E+9 
2.772740661031255E+11 -2.0705523608201656E+10 772.7406610312546 -207.05523608201653 1.0E+9 
2.785301746758131E+11 -1.5264719630123573E+10 785.3017467581312 -152.64719630123574 1.0E+9 
2.792214454993256E+11 -1.1133848076805271E+10 792.2144549932563 -111.3384807680527 1.0E+9 
2.7980512402078595E+11 -5.580517899530051E+9 798.0512402078593 -55.80517899530051 1.0E+9 
2.7E+11 0.0 700.0 0.0 1.0E+9 
2.699040674328202E+11 3.6635169370060678E+9 699.0406743282017 36.63516937006068 1.0E+9 
2.6947823061489252E+11 8.530854038360323E+9 694.7823061489254 85.30854038360323 1.0E+9 
2.6893654271085455E+11 1.2155372436685123E+10 689.3654271085456 121.55372436685123 1.0E+9 
2.6792070083931976E+11 1.6934532691976742E+10 679.2070083931975 169.34532691976742 1.0E+9 
2.6657395614066074E+11 2.163118960624632E+10 665.7395614066074 216.31189606246318 1.0E+9 
2.6535062985480414E+11 2.508575646817102E+10 653.5062985480412 250.8575646817102 1.0E+9 
2.634415450925655E+11 2.958327832184896E+10 634.4154509256549 295.8327832184896 1.0E+9 
2.6180633150012488E+11 3.2863009395012356E+10 618.0633150012488 328.6300939501236 1.0E+9 
2.5936336673094983E+11 3.709434849632434E+10 593.6336673094982 370.9434849632434 1.0E+9 
2.5663118960624634E+11 4.114496766047312E+10 566.3118960624632 411.4496766047312 1.0E+9 
2.5440021730198798E+11 4.4052427373488625E+10 544.0021730198796 440.52427373488626 1.0E+9 
2.5119475911334192E+11 4.773988520437489E+10 511.94759113341934 477.39885204374895 1.0E+9 
2.4862608593212982E+11 5.0353786023705574E+10 486.26085932129814 503.5378602370558 1.0E+9 
2.4499513267805774E+11 5.362311101832846E+10 449.9513267805776 536.2311101832846 1.0E+9 
2.411449676604731E+11 5.663118960624632E+10 411.4496766047312 566.3118960624632 1.0E+9 
2.381247324510519E+11 5.870693975617967E+10 381.24732451051904 587.0693975617968 1.0E+9 
2.339366734172436E+11 6.1223379499757706E+10 339.366734172436 612.233794997577 1.0E+9 
2.306859802752354E+11 6.2915583240941696E+10 306.8598027523542 629.1558324094169 1.0E+9 
2.2622246153911386E+11 6.490286981967511E+10 262.2246153911385 649.0286981967511 1.0E+9 
2.2163118960624634E+11 6.657395614066074E+10 216.3118960624632 665.7395614066074 1.0E+9 
2.1811733315717645E+11 6.761480784023478E+10 181.17333157176452 676.1480784023478 1.0E+9 
2.1335662967635815E+11 6.871390284133648E+10 133.56629676358145 687.1390284133648 1.0E+9 
2.097421170672046E+11 6.931876481190993E+10 97.42117067204583 693.1876481190992 1.0E+9 
2.0488295316208878E+11 6.98294835181877E+10 48.829531620887664 698.2948351818769 1.0E+9 
2.0E+11 7.0E+10 4.2862637970157365E+-14 700.0 1.0E+9 
1.9633648306299393E+11 6.990406743282018E+10 -36.63516937006069 699.0406743282017 1.0E+9 
1.9146914596163968E+11 6.947823061489255E+10 -85.30854038360316 694.7823061489255 1.0E+9 
1.8784462756331488E+11 6.893654271085457E+10 -121.55372436685121 689.3654271085456 1.0E+9 
1.8306546730802325E+11 6.7920700839319756E+10 -169.3453269197673 679.2070083931975 1.0E+9 
1.783688103937537E+11 6.657395614066075E+10 -216.31189606246315 665.7395614066075 1.0E+9 
1.7491424353182898E+11 6.535062985480412E+10 -250.8575646817102 653.5062985480412 1.0E+9 
1.7041672167815106E+11 6.3441545092565506E+10 -295.8327832184895 634.415450925655 1.0E+9 
1.6713699060498767E+11 6.180633150012489E+10 -328.63009395012335 618.063315001249 1.0E+9 
1.6290565150367566E+11 5.936336673094982E+10 -370.94348496324335 593.6336673094983 1.0E+9 
1.588550323395269E+11 5.663118960624632E+10 -411.4496766047311 566.3118960624632 1.0E+9 
1.5594757262651138E+11 5.440021730198797E+10 -440.5242737348861 544.0021730198797 1.0E+9 
1.5226011479562512E+11 5.119475911334194E+10 -477.39885204374883 511.9475911334194 1.0E+9 
1.4964621397629443E+11 4.862608593212982E+10 -503.53786023705567 486.26085932129826 1.0E+9 
1.4637688898167154E+11 4.499513267805776E+10 -536.2311101832845 449.95132678057763 1.0E+9 
1.433688103937537E+11 4.114496766047313E+10 -566.3118960624631 411.4496766047313 1.0E+9 
1.412930602438203E+11 3.812473245105191E+10 -587.0693975617968 381.2473245105191 1.0E+9 
1.387766205002423E+11 3.3936673417243603E+10 -612.233794997577 339.366734172436 1.0E+9 
1.3708441675905832E+11 3.068598027523544E+10 -629.1558324094168 306.85980275235437 1.0E+9 
1.3509713018032489E+11 2.6222461539113857E+10 -649.0286981967511 262.22461539113857 1.0E+9 
1.3342604385933926E+11 2.1631189606246326E+10 -665.7395614066074 216.31189606246326 1.0E+9 
1.3238519215976523E+11 1.811733315717647E+10 -676.1480784023478 181.17333157176472 1.0E+9 
1.3128609715866351E+11 1.3356629676358149E+10 -687.1390284133648 133.56629676358148 1.0E+9 
1.3068123518809007E+11 9.742117067204573E+9 -693.1876481190992 97.42117067204573 1.0E+9 
1.301705164818123E+11 4.882953162088787E+9 -698.2948351818769 48.82953162088787 1.0E+9 
1.3E+11 8.572527594031472E+-6 -700.0 8.572527594031473E+-14 1.0E+9 
1.3009593256717982E+11 -3.6635169370060496E+9 -699.0406743282017 -36.635169370060495 1.0E+9 
1.3052176938510747E+11 -8.530854038360343E+9 -694.7823061489254 -85.30854038360343 1.0E+9 
1.3106345728914543E+11 -1.2155372436685133E+10 -689.3654271085456 -121.55372436685133 1.0E+9 
1.3207929916068024E+11 -1.6934532691976725E+10 -679.2070083931976 -169.34532691976725 1.0E+9 
1.3342604385933926E+11 -2.163118960624634E+10 -665.7395614066074 -216.3118960624634 1.0E+9 
1.3464937014519588E+11 -2.5085756468171032E+10 -653.5062985480412 -250.8575646817103 1.0E+9 
1.365584549074345E+11 -2.958327832184895E+10 -634.415450925655 -295.8327832184895 1.0E+9 
1.3819366849987512E+11 -3.2863009395012333E+10 -618.063315001249 -328.63009395012335 1.0E+9 
1.4063663326905017E+11 -3.709434849632433E+10 -593.6336673094983 -370.94348496324335 1.0E+9 
1.4336881039375366E+11 -4.1144967660473114E+10 -566.3118960624632 -411.4496766047311 1.0E+9 
1.4559978269801202E+11 -4.405242737348861E+10 -544.0021730198798 -440.5242737348861 1.0E+9 
1.4880524088665805E+11 -4.7739885204374886E+10 -511.9475911334194 -477.39885204374883 1.0E+9 
1.5137391406787018E+11 -5.035378602370556E+10 -486.26085932129826 -503.5378602370556 1.0E+9 
1.5500486732194223E+11 -5.362311101832845E+10 -449.95132678057763 -536.2311101832845 1.0E+9 
1.5885503233952686E+11 -5.6631189606246315E+10 -411.4496766047313 -566.3118960624631 1.0E+9 
1.6187526754894812E+11 -5.870693975617968E+10 -381.24732451051887 -587.0693975617968 1.0E+9 
1.6606332658275638E+11 -6.122337949975768E+10 -339.36673417243634 -612.2337949975769 1.0E+9 
1.6931401972476456E+11 -6.291558324094167E+10 -306.8598027523544 -629.1558324094168 1.0E+9 
1.7377753846088614E+11 -6.490286981967511E+10 -262.2246153911386 -649.0286981967511 1.0E+9 
1.7836881039375366E+11 -6.657395614066074E+10 -216.3118960624633 -665.7395614066074 1.0E+9 
1.8188266684282355E+11 -6.761480784023478E+10 -181.17333157176444 -676.1480784023478 1.0E+9 
1.8664337032364188E+11 -6.871390284133648E+10 -133.56629676358122 -687.1390284133648 1.0E+9 
1.9025788293279538E+11 -6.931876481190991E+10 -97.42117067204607 -693.1876481190992 1.0E+9 
1.951170468379112E+11 -6.98294835181877E+10 -48.829531620887906 -698.2948351818769 1.0E+9 
2.0E+11 -7.0E+10 -1.2858791391047208E+-13 -700.0 1.0E+9 
2.03663516937006E+11 -6.990406743282018E+10 36.63516937006014 -699.0406743282018 1.0E+9 
2.0853085403836035E+11 -6.947823061489253E+10 85.30854038360337 -694.7823061489254 1.0E+9 
2.121553724366851E+11 -6.893654271085457E+10 121.55372436685099 -689.3654271085456 1.0E+9 
2.169345326919767E+11 -6.792070083931976E+10 169.34532691976722 -679.2070083931976 1.0E+9 
2.216311896062463E+11 -6.657395614066075E+10 216.31189606246306 -665.7395614066075 1.0E+9 
2.2508575646817102E+11 -6.535062985480412E+10 250.85756468171027 -653.5062985480412 1.0E+9 
2.295832783218489E+11 -6.344154509256552E+10 295.83278321848917 -634.4154509256551 1.0E+9 
2.3286300939501233E+11 -6.180633150012489E+10 328.6300939501233 -618.063315001249 1.0E+9 
2.3709434849632434E+11 -5.936336673094982E+10 370.9434849632433 -593.6336673094983 1.0E+9 
2.411449676604731E+11 -5.663118960624633E+10 411.44967660473105 -566.3118960624633 1.0E+9 
2.440524273734886E+11 -5.440021730198799E+10 440.5242737348858 -544.0021730198799 1.0E+9 
2.477398852043749E+11 -5.119475911334193E+10 477.398852043749 -511.9475911334192 1.0E+9 
2.5035378602370557E+11 -4.862608593212983E+10 503.5378602370556 -486.2608593212983 1.0E+9 
2.5362311101832843E+11 -4.499513267805777E+10 536.2311101832845 -449.9513267805777 1.0E+9 
2.566311896062463E+11 -4.114496766047314E+10 566.3118960624631 -411.44967660473134 1.0E+9 
2.587069397561797E+11 -3.812473245105189E+10 587.0693975617968 -381.24732451051887 1.0E+9 
2.612233794997577E+11 -3.3936673417243637E+10 612.2337949975768 -339.3667341724364 1.0E+9 
2.6291558324094168E+11 -3.0685980275235447E+10 629.1558324094168 -306.8598027523545 1.0E+9 
2.649028698196751E+11 -2.6222461539113865E+10 649.0286981967511 -262.2246153911386 1.0E+9 
2.6657395614066074E+11 -2.1631189606246334E+10 665.7395614066074 -216.31189606246332 1.0E+9 
2.6761480784023477E+11 -1.811733315717645E+10 676.1480784023478 -181.1733315717645 1.0E+9 
2.687139028413365E+11 -1.3356629676358126E+10 687.1390284133648 -133.56629676358128 1.0E+9 
2.693187648119099E+11 -9.74211706720461E+9 693.1876481190992 -97.42117067204612 1.0E+9 
2.6982948351818768E+11 -4.882953162088795E+9 698.2948351818769 -48.82953162088795 1.0E+9 
2.6E+11 0.0 600.0 0.0 1.0E+9 
2.599177720852744E+11 3.1401573745766296E+9 599.1777208527443 31.401573745766296 1.0E+9 
2.595527690984793E+11 7.312160604308848E+9 595.5276909847931 73.12160604308849 1.0E+9 
2.5908846518073248E+11 1.041889066001582E+10 590.8846518073248 104.1889066001582 1.0E+9 
2.5821774357655978E+11 1.4515313735980064E+10 582.1774357655979 145.15313735980064 1.0E+9 
2.5706339097770923E+11 1.8541019662496845E+10 570.6339097770921 185.41019662496845 1.0E+9 
2.560148255898321E+11 2.1502076972718018E+10 560.148255898321 215.02076972718015 1.0E+9 
2.54378467222199E+11 2.5357095704441967E+10 543.7846722219899 253.57095704441966 1.0E+9 
2.529768555715356E+11 2.816829376715345E+10 529.7685557153562 281.6829376715345 1.0E+9 
2.5088288576938556E+11 3.1795155853992294E+10 508.8288576938556 317.9515585399229 1.0E+9 
2.4854101966249686E+11 3.5267115137548386E+10 485.4101966249685 352.6711513754839 1.0E+9 
2.4662875768741824E+11 3.775922346299025E+10 466.28757687418255 377.5922346299025 1.0E+9 
2.4388122209715024E+11 4.091990160374991E+10 438.81222097150226 409.19901603749906 1.0E+9 
2.4167950222753986E+11 4.316038802031906E+10 416.7950222753984 431.60388020319067 1.0E+9 
2.3856725658119235E+11 4.596266658713868E+10 385.6725658119236 459.6266658713868 1.0E+9 
2.352671151375484E+11 4.854101966249685E+10 352.6711513754839 485.4101966249685 1.0E+9 
2.3267834210090164E+11 5.032023407672543E+10 326.7834210090163 503.2023407672544 1.0E+9 
2.290885772147802E+11 5.247718242836375E+10 290.88577214780224 524.7718242836374 1.0E+9 
2.2630226880734464E+11 5.392764277795002E+10 263.0226880734465 539.2764277795002 1.0E+9 
2.2247639560495474E+11 5.563103127400724E+10 224.76395604954732 556.3103127400724 1.0E+9 
2.1854101966249686E+11 5.706339097770921E+10 185.41019662496848 570.6339097770921 1.0E+9 
2.1552914270615125E+11 5.79555495773441E+10 155.29142706151245 579.555495773441 1.0E+9 
2.1144853972259268E+11 5.889763100685984E+10 114.48539722592695 588.9763100685984 1.0E+9 
2.0835038605760394E+11 5.9416084124494225E+10 83.50386057603927 594.1608412449422 1.0E+9 
2.0418538842464752E+11 5.9853843015589455E+10 41.85388424647514 598.5384301558945 1.0E+9 
2.0E+11 6.0E+10 3.6739403974420595E+-14 600.0 1.0E+9 
1.9685984262542337E+11 5.991777208527443E+10 -31.401573745766306 599.1777208527443 1.0E+9 
1.9268783939569116E+11 5.9552769098479324E+10 -73.12160604308842 595.5276909847933 1.0E+9 
1.895811093399842E+11 5.908846518073248E+10 -104.18890660015818 590.8846518073248 1.0E+9 
1.8548468626401996E+11 5.821774357655979E+10 -145.15313735980052 582.1774357655979 1.0E+9 
1.8145898033750317E+11 5.706339097770922E+10 -185.4101966249684 570.6339097770922 1.0E+9 
1.7849792302728198E+11 5.601482558983211E+10 -215.02076972718015 560.148255898321 1.0E+9 
1.7464290429555804E+11 5.4378467222199005E+10 -253.5709570444196 543.78467222199 1.0E+9 
1.7183170623284656E+11 5.297685557153563E+10 -281.6829376715343 529.7685557153562 1.0E+9 
1.6820484414600772E+11 5.088288576938557E+10 -317.95155853992287 508.82885769385564 1.0E+9 
1.6473288486245163E+11 4.854101966249685E+10 -352.6711513754838 485.4101966249685 1.0E+9 
1.6224077653700977E+11 4.662875768741826E+10 -377.59223462990235 466.2875768741826 1.0E+9 
1.590800983962501E+11 4.388122209715024E+10 -409.199016037499 438.81222097150237 1.0E+9 
1.5683961197968094E+11 4.167950222753985E+10 -431.60388020319056 416.7950222753985 1.0E+9 
1.5403733341286133E+11 3.856725658119237E+10 -459.62666587138676 385.6725658119237 1.0E+9 
1.5145898033750317E+11 3.526711513754839E+10 -485.4101966249684 352.67115137548393 1.0E+9 
1.4967976592327457E+11 3.2678342100901638E+10 -503.2023407672544 326.78342100901637 1.0E+9 
1.4752281757163626E+11 2.908857721478023E+10 -524.7718242836374 290.8857721478023 1.0E+9 
1.4607235722205E+11 2.630226880734466E+10 -539.2764277795001 263.0226880734466 1.0E+9 
1.4436896872599277E+11 2.2476395604954735E+10 -556.3103127400724 224.76395604954735 1.0E+9 
1.4293660902229077E+11 1.854101966249685E+10 -570.6339097770921 185.4101966249685 1.0E+9 
1.420444504226559E+11 1.552914270615126E+10 -579.555495773441 155.29142706151262 1.0E+9 
1.4110236899314017E+11 1.14485397225927E+10 -588.9763100685984 114.48539722592699 1.0E+9 
1.4058391587550577E+11 8.35038605760392E+9 -594.1608412449422 83.5038605760392 1.0E+9 
1.4014615698441055E+11 4.1853884246475315E+9 -598.5384301558945 41.85388424647532 1.0E+9 
1.4E+11 7.347880794884119E+-6 -600.0 7.347880794884119E+-14 1.0E+9 
1.400822279147256E+11 -3.140157374576614E+9 -599.1777208527443 -31.40157374576614 1.0E+9 
1.404472309015207E+11 -7.312160604308866E+9 -595.5276909847931 -73.12160604308865 1.0E+9 
1.4091153481926752E+11 -1.041889066001583E+10 -590.8846518073248 -104.18890660015828 1.0E+9 
1.4178225642344022E+11 -1.4515313735980051E+10 -582.1774357655979 -145.1531373598005 1.0E+9 
1.4293660902229077E+11 -1.8541019662496864E+10 -570.6339097770921 -185.41019662496865 1.0E+9 
1.439851744101679E+11 -2.1502076972718025E+10 -560.148255898321 -215.02076972718027 1.0E+9 
1.45621532777801E+11 -2.5357095704441956E+10 -543.78467222199 -253.57095704441957 1.0E+9 
1.4702314442846436E+11 -2.8168293767153427E+10 -529.7685557153562 -281.68293767153426 1.0E+9 
1.4911711423061444E+11 -3.1795155853992287E+10 -508.82885769385564 -317.95155853992287 1.0E+9 
1.5145898033750314E+11 -3.526711513754838E+10 -485.4101966249685 -352.6711513754838 1.0E+9 
1.5337124231258173E+11 -3.7759223462990234E+10 -466.28757687418266 -377.59223462990235 1.0E+9 
1.5611877790284976E+11 -4.09199016037499E+10 -438.81222097150237 -409.199016037499 1.0E+9 
1.5832049777246014E+11 -4.316038802031905E+10 -416.7950222753985 -431.6038802031905 1.0E+9 
1.6143274341880762E+11 -4.596266658713867E+10 -385.6725658119237 -459.62666587138676 1.0E+9 
1.647328848624516E+11 -4.854101966249684E+10 -352.67115137548393 -485.4101966249684 1.0E+9 
1.673216578990984E+11 -5.032023407672544E+10 -326.7834210090162 -503.20234076725444 1.0E+9 
1.7091142278521973E+11 -5.247718242836373E+10 -290.8857721478026 -524.7718242836373 1.0E+9 
1.7369773119265533E+11 -5.392764277795001E+10 -263.02268807344666 -539.2764277795001 1.0E+9 
1.7752360439504526E+11 -5.563103127400724E+10 -224.76395604954737 -556.3103127400724 1.0E+9 
1.8145898033750314E+11 -5.706339097770921E+10 -185.41019662496853 -570.6339097770921 1.0E+9 
1.8447085729384875E+11 -5.79555495773441E+10 -155.29142706151237 -579.555495773441 1.0E+9 
1.8855146027740732E+11 -5.889763100685984E+10 -114.48539722592676 -588.9763100685984 1.0E+9 
1.9164961394239606E+11 -5.941608412449422E+10 -83.5038605760395 -594.1608412449422 1.0E+9 
1.9581461157535248E+11 -5.9853843015589455E+10 -41.853884246475346 -598.5384301558945 1.0E+9 
2.0E+11 -6.0E+10 -1.1021821192326178E+-13 -600.0 1.0E+9 
2.0314015737457657E+11 -5.991777208527444E+10 31.401573745765834 -599.1777208527444 1.0E+9 
2.0731216060430887E+11 -5.955276909847932E+10 73.1216060430886 -595.5276909847931 1.0E+9 
2.104188906600158E+11 -5.908846518073249E+10 104.18890660015798 -590.8846518073249 1.0E+9 
2.1451531373598004E+11 -5.821774357655979E+10 145.15313735980047 -582.1774357655979 1.0E+9 
2.1854101966249683E+11 -5.706339097770922E+10 185.41019662496834 -570.6339097770922 1.0E+9 
2.2150207697271802E+11 -5.601482558983211E+10 215.02076972718024 -560.148255898321 1.0E+9 
2.2535709570444193E+11 -5.437846722219901E+10 253.5709570444193 -543.7846722219901 1.0E+9 
2.281682937671534E+11 -5.297685557153563E+10 281.68293767153426 -529.7685557153562 1.0E+9 
2.3179515585399228E+11 -5.088288576938557E+10 317.9515585399228 -508.82885769385564 1.0E+9 
2.3526711513754837E+11 -4.854101966249686E+10 352.67115137548376 -485.41019662496853 1.0E+9 
2.377592234629902E+11 -4.662875768741828E+10 377.5922346299021 -466.28757687418283 1.0E+9 
2.409199016037499E+11 -4.388122209715022E+10 409.1990160374992 -438.8122209715022 1.0E+9 
2.4316038802031906E+11 -4.1679502227539856E+10 431.6038802031905 -416.79502227539854 1.0E+9 
2.4596266658713867E+11 -3.8567256581192375E+10 459.62666587138665 -385.67256581192373 1.0E+9 
2.4854101966249683E+11 -3.52671151375484E+10 485.4101966249684 -352.671151375484 1.0E+9 
2.5032023407672543E+11 -3.267834210090162E+10 503.20234076725444 -326.7834210090162 1.0E+9 
2.524771824283637E+11 -2.9088577214780262E+10 524.7718242836372 -290.8857721478026 1.0E+9 
2.5392764277795E+11 -2.630226880734467E+10 539.2764277795001 -263.02268807344666 1.0E+9 
2.5563103127400723E+11 -2.2476395604954742E+10 556.3103127400724 -224.7639560495474 1.0E+9 
2.5706339097770923E+11 -1.8541019662496857E+10 570.6339097770921 -185.41019662496856 1.0E+9 
2.5795554957734412E+11 -1.5529142706151241E+10 579.555495773441 -155.29142706151242 1.0E+9 
2.5889763100685983E+11 -1.144853972259268E+10 588.9763100685984 -114.4853972259268 1.0E+9 
2.594160841244942E+11 -8.350386057603953E+9 594.1608412449422 -83.50386057603953 1.0E+9 
2.5985384301558945E+11 -4.185388424647538E+9 598.5384301558945 -41.85388424647538 1.0E+9 
2.5E+11 0.0 500.0 0.0 1.0E+9 
2.499314767377287E+11 2.6167978121471915E+9 499.3147673772869 26.167978121471915 1.0E+9 
2.496273075820661E+11 6.093467170257374E+9 496.273075820661 60.93467170257374 1.0E+9 
2.492403876506104E+11 8.682408883346516E+9 492.403876506104 86.82408883346517 1.0E+9 
2.485147863137998E+11 1.2096094779983387E+10 485.14786313799823 120.96094779983386 1.0E+9 
2.475528258147577E+11 1.545084971874737E+10 475.52825814757676 154.5084971874737 1.0E+9 
2.4667902132486008E+11 1.7918397477265015E+10 466.7902132486009 179.18397477265015 1.0E+9 
2.453153893518325E+11 2.1130913087034973E+10 453.153893518325 211.30913087034972 1.0E+9 
2.4414737964294635E+11 2.347357813929454E+10 441.4737964294635 234.7357813929454 1.0E+9 
2.424024048078213E+11 2.6495963211660244E+10 424.02404807821296 264.95963211660245 1.0E+9 
2.4045084971874738E+11 2.9389262614623657E+10 404.5084971874737 293.8926261462366 1.0E+9 
2.3885729807284854E+11 3.1466019552491875E+10 388.57298072848545 314.6601955249188 1.0E+9 
2.3656768508095853E+11 3.4099918003124924E+10 365.67685080958523 340.99918003124924 1.0E+9 
2.3473291852294986E+11 3.5966990016932556E+10 347.3291852294987 359.66990016932556 1.0E+9 
2.3213938048432697E+11 3.83022221559489E+10 321.39380484326966 383.022221559489 1.0E+9 
2.2938926261462366E+11 4.0450849718747375E+10 293.8926261462366 404.5084971874737 1.0E+9 
2.2723195175075134E+11 4.1933528397271194E+10 272.3195175075136 419.335283972712 1.0E+9 
2.2424048101231686E+11 4.373098535696979E+10 242.40481012316855 437.30985356969785 1.0E+9 
2.2191855733945386E+11 4.493970231495835E+10 219.18557339453872 449.3970231495835 1.0E+9 
2.187303296707956E+11 4.635919272833936E+10 187.3032967079561 463.59192728339366 1.0E+9 
2.1545084971874738E+11 4.7552825814757675E+10 154.50849718747372 475.52825814757676 1.0E+9 
2.1294095225512604E+11 4.8296291314453415E+10 129.40952255126038 482.9629131445342 1.0E+9 
2.0954044976882724E+11 4.90813591723832E+10 95.40449768827246 490.81359172383196 1.0E+9 
2.0695865504800327E+11 4.951340343707852E+10 69.58655048003273 495.1340343707852 1.0E+9 
2.0348782368720627E+11 4.987820251299121E+10 34.878236872062615 498.7820251299121 1.0E+9 
2.0E+11 5.0E+10 3.061616997868383E+-14 500.0 1.0E+9 
1.973832021878528E+11 4.993147673772869E+10 -26.167978121471922 499.3147673772869 1.0E+9 
1.9390653282974265E+11 4.96273075820661E+10 -60.93467170257368 496.27307582066106 1.0E+9 
1.9131759111665347E+11 4.92403876506104E+10 -86.82408883346515 492.403876506104 1.0E+9 
1.8790390522001663E+11 4.851478631379982E+10 -120.96094779983378 485.14786313799823 1.0E+9 
1.8454915028125262E+11 4.755282581475768E+10 -154.50849718747367 475.5282581475768 1.0E+9 
1.82081602522735E+11 4.6679021324860085E+10 -179.18397477265015 466.7902132486009 1.0E+9 
1.7886908691296503E+11 4.5315389351832504E+10 -211.30913087034966 453.15389351832505 1.0E+9 
1.7652642186070547E+11 4.414737964294636E+10 -234.73578139294526 441.47379642946356 1.0E+9 
1.7350403678833975E+11 4.2402404807821304E+10 -264.9596321166024 424.024048078213 1.0E+9 
1.7061073738537634E+11 4.0450849718747375E+10 -293.8926261462365 404.5084971874737 1.0E+9 
1.6853398044750815E+11 3.885729807284855E+10 -314.66019552491866 388.5729807284855 1.0E+9 
1.659000819968751E+11 3.656768508095853E+10 -340.9991800312492 365.6768508095853 1.0E+9 
1.6403300998306744E+11 3.4732918522949875E+10 -359.6699001693255 347.32918522949876 1.0E+9 
1.616977778440511E+11 3.2139380484326973E+10 -383.02222155948897 321.3938048432697 1.0E+9 
1.5954915028125262E+11 2.938926261462366E+10 -404.50849718747367 293.89262614623664 1.0E+9 
1.5806647160272882E+11 2.7231951750751366E+10 -419.335283972712 272.31951750751364 1.0E+9 
1.562690146430302E+11 2.424048101231686E+10 -437.30985356969785 242.40481012316857 1.0E+9 
1.5506029768504166E+11 2.1918557339453884E+10 -449.3970231495834 219.18557339453884 1.0E+9 
1.5364080727166064E+11 1.8730329670795612E+10 -463.59192728339366 187.30329670795612 1.0E+9 
1.524471741852423E+11 1.5450849718747375E+10 -475.52825814757676 154.50849718747375 1.0E+9 
1.517037086855466E+11 1.294095225512605E+10 -482.9629131445341 129.40952255126052 1.0E+9 
1.509186408276168E+11 9.540449768827248E+9 -490.81359172383196 95.40449768827249 1.0E+9 
1.5048659656292148E+11 6.958655048003266E+9 -495.1340343707852 69.58655048003267 1.0E+9 
1.501217974870088E+11 3.4878236872062764E+9 -498.7820251299121 34.878236872062764 1.0E+9 
1.5E+11 6.123233995736766E+-6 -500.0 6.123233995736766E+-14 1.0E+9 
1.500685232622713E+11 -2.616797812147178E+9 -499.3147673772869 -26.167978121471783 1.0E+9 
1.503726924179339E+11 -6.093467170257388E+9 -496.273075820661 -60.93467170257388 1.0E+9 
1.507596123493896E+11 -8.682408883346523E+9 -492.403876506104 -86.82408883346524 1.0E+9 
1.5148521368620016E+11 -1.2096094779983376E+10 -485.1478631379983 -120.96094779983376 1.0E+9 
1.524471741852423E+11 -1.5450849718747387E+10 -475.52825814757676 -154.50849718747386 1.0E+9 
1.5332097867513992E+11 -1.7918397477265022E+10 -466.7902132486009 -179.18397477265023 1.0E+9 
1.5468461064816748E+11 -2.1130913087034966E+10 -453.15389351832505 -211.30913087034963 1.0E+9 
1.5585262035705365E+11 -2.3473578139294525E+10 -441.47379642946356 -234.73578139294523 1.0E+9 
1.575975951921787E+11 -2.649596321166024E+10 -424.024048078213 -264.9596321166024 1.0E+9 
1.5954915028125262E+11 -2.938926261462365E+10 -404.5084971874737 -293.8926261462365 1.0E+9 
1.6114270192715143E+11 -3.1466019552491863E+10 -388.57298072848556 -314.66019552491866 1.0E+9 
1.6343231491904147E+11 -3.409991800312492E+10 -365.6768508095853 -340.9991800312492 1.0E+9 
1.652670814770501E+11 -3.596699001693254E+10 -347.32918522949876 -359.66990016932544 1.0E+9 
1.6786061951567303E+11 -3.83022221559489E+10 -321.3938048432697 -383.02222155948897 1.0E+9 
1.7061073738537634E+11 -4.045084971874737E+10 -293.89262614623664 -404.50849718747367 1.0E+9 
1.7276804824924866E+11 -4.19335283972712E+10 -272.31951750751347 -419.33528397271203 1.0E+9 
1.757595189876831E+11 -4.373098535696977E+10 -242.4048101231688 -437.30985356969774 1.0E+9 
1.780814426605461E+11 -4.493970231495834E+10 -219.18557339453886 -449.3970231495834 1.0E+9 
1.8126967032920438E+11 -4.635919272833936E+10 -187.30329670795615 -463.59192728339366 1.0E+9 
1.8454915028125262E+11 -4.7552825814757675E+10 -154.50849718747378 -475.52825814757676 1.0E+9 
1.8705904774487396E+11 -4.8296291314453415E+10 -129.40952255126032 -482.9629131445342 1.0E+9 
1.9045955023117276E+11 -4.90813591723832E+10 -95.4044976882723 -490.81359172383196 1.0E+9 
1.930413449519967E+11 -4.9513403437078514E+10 -69.58655048003291 -495.1340343707851 1.0E+9 
1.9651217631279373E+11 -4.987820251299121E+10 -34.87823687206279 -498.7820251299121 1.0E+9 
2.0E+11 -5.0E+10 -9.184850993605149E+-14 -500.0 1.0E+9 
2.0261679781214716E+11 -4.99314767377287E+10 26.167978121471528 -499.31476737728696 1.0E+9 
2.060934671702574E+11 -4.96273075820661E+10 60.934671702573844 -496.273075820661 1.0E+9 
2.086824088833465E+11 -4.9240387650610405E+10 86.82408883346498 -492.40387650610404 1.0E+9 
2.1209609477998337E+11 -4.851478631379983E+10 120.96094779983373 -485.1478631379983 1.0E+9 
2.1545084971874738E+11 -4.755282581475768E+10 154.5084971874736 -475.5282581475768 1.0E+9 
2.17918397477265E+11 -4.6679021324860085E+10 179.1839747726502 -466.7902132486009 1.0E+9 
2.2113091308703494E+11 -4.531538935183251E+10 211.3091308703494 -453.15389351832516 1.0E+9 
2.2347357813929453E+11 -4.414737964294636E+10 234.7357813929452 -441.47379642946356 1.0E+9 
2.2649596321166022E+11 -4.2402404807821304E+10 264.95963211660234 -424.024048078213 1.0E+9 
2.2938926261462366E+11 -4.0450849718747375E+10 293.89262614623647 -404.5084971874738 1.0E+9 
2.3146601955249185E+11 -3.8857298072848564E+10 314.66019552491844 -388.5729807284857 1.0E+9 
2.3409991800312494E+11 -3.656768508095852E+10 340.9991800312493 -365.6768508095852 1.0E+9 
2.3596699001693256E+11 -3.473291852294988E+10 359.66990016932544 -347.3291852294988 1.0E+9 
2.3830222215594888E+11 -3.213938048432698E+10 383.0222215594889 -321.3938048432698 1.0E+9 
2.4045084971874738E+11 -2.938926261462367E+10 404.50849718747367 -293.8926261462367 1.0E+9 
2.419335283972712E+11 -2.723195175075135E+10 419.33528397271203 -272.31951750751347 1.0E+9 
2.437309853569698E+11 -2.4240481012316883E+10 437.3098535696977 -242.40481012316883 1.0E+9 
2.4493970231495834E+11 -2.1918557339453888E+10 449.3970231495834 -219.1855733945389 1.0E+9 
2.4635919272833936E+11 -1.8730329670795616E+10 463.59192728339366 -187.30329670795618 1.0E+9 
2.475528258147577E+11 -1.5450849718747381E+10 475.52825814757676 -154.5084971874738 1.0E+9 
2.4829629131445343E+11 -1.2940952255126034E+10 482.9629131445342 -129.40952255126035 1.0E+9 
2.490813591723832E+11 -9.540449768827232E+9 490.81359172383196 -95.40449768827233 1.0E+9 
2.4951340343707852E+11 -6.958655048003294E+9 495.1340343707851 -69.58655048003294 1.0E+9 
2.498782025129912E+11 -3.4878236872062817E+9 498.7820251299121 -34.878236872062814 1.0E+9 
2.4E+11 0.0 400.0 0.0 1.0E+9 
2.3994518139018295E+11 2.0934382497177532E+9 399.45181390182955 20.93438249717753 1.0E+9 
2.397018460656529E+11 4.874773736205899E+9 397.0184606565288 48.74773736205899 1.0E+9 
2.393923101204883E+11 6.945927106677214E+9 393.9231012048832 69.45927106677213 1.0E+9 
2.3881182905103986E+11 9.67687582398671E+9 388.1182905103986 96.7687582398671 1.0E+9 
2.3804226065180615E+11 1.2360679774997896E+10 380.4226065180614 123.60679774997895 1.0E+9 
2.3734321705988806E+11 1.433471798181201E+10 373.4321705988807 143.3471798181201 1.0E+9 
2.36252311481466E+11 1.6904730469627977E+10 362.52311481465995 169.04730469627978 1.0E+9 
2.353179037143571E+11 1.877886251143563E+10 353.1790371435708 187.78862511435634 1.0E+9 
2.3392192384625705E+11 2.1196770569328197E+10 339.2192384625704 211.96770569328197 1.0E+9 
2.323606797749979E+11 2.3511410091698925E+10 323.60679774997897 235.11410091698926 1.0E+9 
2.3108583845827884E+11 2.51728156419935E+10 310.85838458278835 251.728156419935 1.0E+9 
2.292541480647668E+11 2.727993440249994E+10 292.5414806476682 272.7993440249994 1.0E+9 
2.277863348183599E+11 2.8773592013546043E+10 277.86334818359893 287.73592013546045 1.0E+9 
2.2571150438746158E+11 3.064177772475912E+10 257.11504387461576 306.41777724759123 1.0E+9 
2.235114100916989E+11 3.23606797749979E+10 235.11410091698926 323.60679774997897 1.0E+9 
2.2178556140060107E+11 3.354682271781696E+10 217.85561400601088 335.46822717816957 1.0E+9 
2.193923848098535E+11 3.498478828557583E+10 193.92384809853485 349.8478828557583 1.0E+9 
2.175348458715631E+11 3.595176185196668E+10 175.34845871563098 359.5176185196668 1.0E+9 
2.1498426373663647E+11 3.708735418267149E+10 149.84263736636487 370.8735418267149 1.0E+9 
2.123606797749979E+11 3.8042260651806145E+10 123.60679774997898 380.4226065180614 1.0E+9 
2.1035276180410083E+11 3.863703305156273E+10 103.5276180410083 386.3703305156273 1.0E+9 
2.076323598150618E+11 3.926508733790656E+10 76.32359815061797 392.6508733790656 1.0E+9 
2.0556692403840262E+11 3.961072274966281E+10 55.66924038402619 396.1072274966281 1.0E+9 
2.02790258949765E+11 3.990256201039297E+10 27.902589497650094 399.02562010392967 1.0E+9 
2.0E+11 4.0E+10 2.4492935982947064E+-14 400.0 1.0E+9 
1.9790656175028226E+11 3.994518139018295E+10 -20.934382497177538 399.45181390182955 1.0E+9 
1.951252262637941E+11 3.9701846065652885E+10 -48.74773736205895 397.0184606565288 1.0E+9 
1.9305407289332278E+11 3.939231012048832E+10 -69.45927106677212 393.9231012048832 1.0E+9 
1.903231241760133E+11 3.8811829051039856E+10 -96.76875823986703 388.1182905103986 1.0E+9 
1.876393202250021E+11 3.8042260651806145E+10 -123.60679774997894 380.42260651806146 1.0E+9 
1.85665282018188E+11 3.734321705988807E+10 -143.3471798181201 373.4321705988807 1.0E+9 
1.8309526953037204E+11 3.6252311481466E+10 -169.04730469627972 362.52311481466 1.0E+9 
1.812211374885644E+11 3.5317903714357086E+10 -187.78862511435622 353.17903714357084 1.0E+9 
1.788032294306718E+11 3.3921923846257042E+10 -211.9677056932819 339.21923846257044 1.0E+9 
1.764885899083011E+11 3.23606797749979E+10 -235.1141009169892 323.60679774997897 1.0E+9 
1.748271843580065E+11 3.108583845827884E+10 -251.72815641993492 310.8583845827884 1.0E+9 
1.7272006559750006E+11 2.9254148064766823E+10 -272.79934402499936 292.5414806476682 1.0E+9 
1.7122640798645395E+11 2.7786334818359898E+10 -287.7359201354604 277.863348183599 1.0E+9 
1.6935822227524088E+11 2.571150438746158E+10 -306.4177772475912 257.11504387461576 1.0E+9 
1.676393202250021E+11 2.351141009169893E+10 -323.6067977499789 235.1141009169893 1.0E+9 
1.6645317728218304E+11 2.1785561400601093E+10 -335.46822717816957 217.8556140060109 1.0E+9 
1.6501521171442416E+11 1.9392384809853485E+10 -349.8478828557583 193.92384809853488 1.0E+9 
1.6404823814803333E+11 1.7534845871563107E+10 -359.5176185196667 175.34845871563107 1.0E+9 
1.629126458173285E+11 1.498426373663649E+10 -370.8735418267149 149.8426373663649 1.0E+9 
1.6195773934819385E+11 1.23606797749979E+10 -380.4226065180614 123.60679774997901 1.0E+9 
1.6136296694843726E+11 1.0352761804100842E+10 -386.3703305156273 103.52761804100841 1.0E+9 
1.6073491266209344E+11 7.632359815061799E+9 -392.6508733790656 76.32359815061798 1.0E+9 
1.603892772503372E+11 5.566924038402613E+9 -396.1072274966281 55.66924038402613 1.0E+9 
1.6009743798960703E+11 2.790258949765021E+9 -399.02562010392967 27.90258949765021 1.0E+9 
1.6E+11 4.898587196589413E+-6 -400.0 4.898587196589413E+-14 1.0E+9 
1.6005481860981705E+11 -2.0934382497177424E+9 -399.45181390182955 -20.934382497177424 1.0E+9 
1.602981539343471E+11 -4.87477373620591E+9 -397.0184606565288 -48.7477373620591 1.0E+9 
1.606076898795117E+11 -6.945927106677218E+9 -393.9231012048832 -69.45927106677219 1.0E+9 
1.6118817094896014E+11 -9.6768758239867E+9 -388.11829051039865 -96.768758239867 1.0E+9 
1.6195773934819385E+11 -1.236067977499791E+10 -380.4226065180614 -123.6067977499791 1.0E+9 
1.6265678294011194E+11 -1.4334717981812017E+10 -373.4321705988807 -143.34717981812017 1.0E+9 
1.63747688518534E+11 -1.6904730469627972E+10 -362.52311481466 -169.0473046962797 1.0E+9 
1.646820962856429E+11 -1.877886251143562E+10 -353.17903714357084 -187.7886251143562 1.0E+9 
1.6607807615374295E+11 -2.119677056932819E+10 -339.21923846257044 -211.9677056932819 1.0E+9 
1.676393202250021E+11 -2.351141009169892E+10 -323.60679774997897 -235.1141009169892 1.0E+9 
1.6891416154172116E+11 -2.5172815641993492E+10 -310.85838458278846 -251.72815641993492 1.0E+9 
1.707458519352332E+11 -2.7279934402499935E+10 -292.5414806476682 -272.79934402499936 1.0E+9 
1.722136651816401E+11 -2.8773592013546036E+10 -277.863348183599 -287.73592013546033 1.0E+9 
1.7428849561253842E+11 -3.0641777724759117E+10 -257.11504387461576 -306.4177772475912 1.0E+9 
1.764885899083011E+11 -3.2360679774997894E+10 -235.1141009169893 -323.6067977499789 1.0E+9 
1.7821443859939893E+11 -3.3546822717816963E+10 -217.8556140060108 -335.4682271781696 1.0E+9 
1.8060761519014648E+11 -3.498478828557582E+10 -193.92384809853505 -349.8478828557582 1.0E+9 
1.824651541284369E+11 -3.5951761851966675E+10 -175.3484587156311 -359.5176185196667 1.0E+9 
1.850157362633635E+11 -3.708735418267149E+10 -149.84263736636493 -370.8735418267149 1.0E+9 
1.876393202250021E+11 -3.8042260651806145E+10 -123.60679774997902 -380.4226065180614 1.0E+9 
1.8964723819589917E+11 -3.863703305156273E+10 -103.52761804100825 -386.3703305156273 1.0E+9 
1.923676401849382E+11 -3.926508733790656E+10 -76.32359815061784 -392.6508733790656 1.0E+9 
1.9443307596159738E+11 -3.961072274966281E+10 -55.66924038402633 -396.1072274966281 1.0E+9 
1.97209741050235E+11 -3.990256201039297E+10 -27.902589497650233 -399.02562010392967 1.0E+9 
2.0E+11 -4.0E+10 -7.347880794884119E+-14 -400.0 1.0E+9 
2.020934382497177E+11 -3.994518139018296E+10 20.93438249717722 -399.45181390182955 1.0E+9 
2.048747737362059E+11 -3.970184606565288E+10 48.74773736205908 -397.0184606565288 1.0E+9 
2.069459271066772E+11 -3.939231012048833E+10 69.45927106677199 -393.92310120488327 1.0E+9 
2.096768758239867E+11 -3.881182905103986E+10 96.76875823986698 -388.11829051039865 1.0E+9 
2.123606797749979E+11 -3.8042260651806145E+10 123.6067977499789 -380.42260651806146 1.0E+9 
2.14334717981812E+11 -3.734321705988807E+10 143.34717981812014 -373.4321705988807 1.0E+9 
2.1690473046962796E+11 -3.625231148146601E+10 169.04730469627953 -362.5231148146601 1.0E+9 
2.187788625114356E+11 -3.5317903714357086E+10 187.78862511435617 -353.17903714357084 1.0E+9 
2.211967705693282E+11 -3.3921923846257042E+10 211.96770569328186 -339.21923846257044 1.0E+9 
2.235114100916989E+11 -3.2360679774997902E+10 235.11410091698917 -323.606797749979 1.0E+9 
2.2517281564199347E+11 -3.1085838458278854E+10 251.72815641993475 -310.8583845827885 1.0E+9 
2.2727993440249994E+11 -2.9254148064766815E+10 272.7993440249994 -292.54148064766815 1.0E+9 
2.2877359201354602E+11 -2.7786334818359905E+10 287.73592013546033 -277.86334818359904 1.0E+9 
2.3064177772475912E+11 -2.5711504387461582E+10 306.4177772475911 -257.1150438746158 1.0E+9 
2.323606797749979E+11 -2.3511410091698933E+10 323.6067977499789 -235.11410091698934 1.0E+9 
2.3354682271781696E+11 -2.1785561400601078E+10 335.4682271781696 -217.8556140060108 1.0E+9 
2.349847882855758E+11 -1.9392384809853508E+10 349.84788285575814 -193.92384809853507 1.0E+9 
2.3595176185196667E+11 -1.753484587156311E+10 359.5176185196667 -175.34845871563112 1.0E+9 
2.370873541826715E+11 -1.4984263736636494E+10 370.8735418267149 -149.84263736636493 1.0E+9 
2.3804226065180615E+11 -1.2360679774997904E+10 380.4226065180614 -123.60679774997905 1.0E+9 
2.3863703305156274E+11 -1.0352761804100828E+10 386.3703305156273 -103.52761804100827 1.0E+9 
2.3926508733790656E+11 -7.632359815061787E+9 392.6508733790656 -76.32359815061787 1.0E+9 
2.396107227496628E+11 -5.566924038402636E+9 396.1072274966281 -55.66924038402635 1.0E+9 
2.3990256201039297E+11 -2.7902589497650256E+9 399.02562010392967 -27.902589497650254 1.0E+9 
2.3E+11 0.0 300.0 0.0 1.0E+9 
2.299588860426372E+11 1.5700786872883148E+9 299.58886042637215 15.700786872883148 1.0E+9 
2.2977638454923965E+11 3.656080302154424E+9 297.76384549239657 36.560803021544245 1.0E+9 
2.2954423259036624E+11 5.20944533000791E+9 295.4423259036624 52.0944533000791 1.0E+9 
2.291088717882799E+11 7.257656867990032E+9 291.08871788279896 72.57656867990032 1.0E+9 
2.285316954888546E+11 9.270509831248423E+9 285.31695488854604 92.70509831248422 1.0E+9 
2.2800741279491605E+11 1.0751038486359009E+10 280.0741279491605 107.51038486359008 1.0E+9 
2.271892336110995E+11 1.2678547852220984E+10 271.89233611099496 126.78547852220983 1.0E+9 
2.2648842778576782E+11 1.4084146883576725E+10 264.8842778576781 140.84146883576724 1.0E+9 
2.2544144288469278E+11 1.5897577926996147E+10 254.4144288469278 158.97577926996146 1.0E+9 
2.242705098312484E+11 1.7633557568774193E+10 242.70509831248424 176.33557568774194 1.0E+9 
2.2331437884370914E+11 1.8879611731495125E+10 233.14378843709127 188.79611731495126 1.0E+9 
2.219406110485751E+11 2.0459950801874954E+10 219.40611048575113 204.59950801874953 1.0E+9 
2.2083975111376993E+11 2.158019401015953E+10 208.3975111376992 215.80194010159533 1.0E+9 
2.192836282905962E+11 2.298133329356934E+10 192.8362829059618 229.8133329356934 1.0E+9 
2.176335575687742E+11 2.4270509831248425E+10 176.33557568774194 242.70509831248424 1.0E+9 
2.163391710504508E+11 2.5160117038362717E+10 163.39171050450815 251.6011703836272 1.0E+9 
2.145442886073901E+11 2.6238591214181873E+10 145.44288607390112 262.3859121418187 1.0E+9 
2.1315113440367233E+11 2.696382138897501E+10 131.51134403672324 269.6382138897501 1.0E+9 
2.1123819780247736E+11 2.781551563700362E+10 112.38197802477366 278.1551563700362 1.0E+9 
2.092705098312484E+11 2.8531695488854607E+10 92.70509831248424 285.31695488854604 1.0E+9 
2.0776457135307562E+11 2.897777478867205E+10 77.64571353075623 289.7777478867205 1.0E+9 
2.0572426986129636E+11 2.944881550342992E+10 57.24269861296347 294.4881550342992 1.0E+9 
2.0417519302880197E+11 2.9708042062247112E+10 41.751930288019636 297.0804206224711 1.0E+9 
2.0209269421232376E+11 2.9926921507794727E+10 20.92694212323757 299.26921507794725 1.0E+9 
2.0E+11 3.0E+10 1.8369701987210297E+-14 300.0 1.0E+9 
1.9842992131271167E+11 2.9958886042637215E+10 -15.700786872883153 299.58886042637215 1.0E+9 
1.9634391969784558E+11 2.9776384549239662E+10 -36.56080302154421 297.7638454923966 1.0E+9 
1.947905546699921E+11 2.954423259036624E+10 -52.09445330007909 295.4423259036624 1.0E+9 
1.9274234313200998E+11 2.9108871788279896E+10 -72.57656867990026 291.08871788279896 1.0E+9 
1.907294901687516E+11 2.853169548885461E+10 -92.7050983124842 285.3169548885461 1.0E+9 
1.89248961513641E+11 2.8007412794916054E+10 -107.51038486359008 280.0741279491605 1.0E+9 
1.8732145214777902E+11 2.7189233611099503E+10 -126.7854785222098 271.892336110995 1.0E+9 
1.8591585311642328E+11 2.6488427785767815E+10 -140.84146883576716 264.8842778576781 1.0E+9 
1.8410242207300385E+11 2.5441442884692783E+10 -158.97577926996144 254.41442884692782 1.0E+9 
1.823664424312258E+11 2.4270509831248425E+10 -176.3355756877419 242.70509831248424 1.0E+9 
1.8112038826850488E+11 2.331437884370913E+10 -188.79611731495118 233.1437884370913 1.0E+9 
1.7954004919812506E+11 2.194061104857512E+10 -204.5995080187495 219.40611048575119 1.0E+9 
1.7841980598984045E+11 2.0839751113769924E+10 -215.80194010159528 208.39751113769924 1.0E+9 
1.7701866670643066E+11 1.9283628290596184E+10 -229.81333293569338 192.83628290596184 1.0E+9 
1.757294901687516E+11 1.7633557568774197E+10 -242.7050983124842 176.33557568774197 1.0E+9 
1.7483988296163727E+11 1.6339171050450819E+10 -251.6011703836272 163.39171050450818 1.0E+9 
1.737614087858181E+11 1.4544288607390116E+10 -262.3859121418187 145.44288607390115 1.0E+9 
1.73036178611025E+11 1.315113440367233E+10 -269.63821388975003 131.5113440367233 1.0E+9 
1.7218448436299637E+11 1.1238197802477367E+10 -278.1551563700362 112.38197802477367 1.0E+9 
1.714683045111454E+11 9.270509831248425E+9 -285.31695488854604 92.70509831248425 1.0E+9 
1.7102222521132794E+11 7.76457135307563E+9 -289.7777478867205 77.64571353075631 1.0E+9 
1.7055118449657007E+11 5.72426986129635E+9 -294.4881550342992 57.242698612963494 1.0E+9 
1.702919579377529E+11 4.17519302880196E+9 -297.0804206224711 41.7519302880196 1.0E+9 
1.7007307849220526E+11 2.0926942123237658E+9 -299.26921507794725 20.92694212323766 1.0E+9 
1.7E+11 3.6739403974420597E+-6 -300.0 3.6739403974420595E+-14 1.0E+9 
1.700411139573628E+11 -1.570078687288307E+9 -299.58886042637215 -15.70078687288307 1.0E+9 
1.7022361545076035E+11 -3.656080302154433E+9 -297.76384549239657 -36.560803021544324 1.0E+9 
1.7045576740963376E+11 -5.209445330007915E+9 -295.4423259036624 -52.09445330007914 1.0E+9 
1.708911282117201E+11 -7.2576568679900255E+9 -291.08871788279896 -72.57656867990025 1.0E+9 
1.714683045111454E+11 -9.270509831248432E+9 -285.31695488854604 -92.70509831248432 1.0E+9 
1.7199258720508395E+11 -1.0751038486359013E+10 -280.0741279491605 -107.51038486359013 1.0E+9 
1.728107663889005E+11 -1.2678547852220978E+10 -271.892336110995 -126.78547852220979 1.0E+9 
1.7351157221423218E+11 -1.4084146883576714E+10 -264.8842778576781 -140.84146883576713 1.0E+9 
1.7455855711530722E+11 -1.5897577926996143E+10 -254.41442884692782 -158.97577926996144 1.0E+9 
1.757294901687516E+11 -1.763355756877419E+10 -242.70509831248424 -176.3355756877419 1.0E+9 
1.7668562115629086E+11 -1.8879611731495117E+10 -233.14378843709133 -188.79611731495118 1.0E+9 
1.7805938895142487E+11 -2.045995080187495E+10 -219.40611048575119 -204.5995080187495 1.0E+9 
1.7916024888623007E+11 -2.1580194010159527E+10 -208.39751113769924 -215.80194010159525 1.0E+9 
1.807163717094038E+11 -2.2981333293569336E+10 -192.83628290596184 -229.81333293569338 1.0E+9 
1.823664424312258E+11 -2.427050983124842E+10 -176.33557568774197 -242.7050983124842 1.0E+9 
1.836608289495492E+11 -2.516011703836272E+10 -163.3917105045081 -251.60117038362722 1.0E+9 
1.8545571139260986E+11 -2.6238591214181866E+10 -145.4428860739013 -262.38591214181866 1.0E+9 
1.8684886559632767E+11 -2.6963821388975006E+10 -131.51134403672333 -269.63821388975003 1.0E+9 
1.8876180219752264E+11 -2.781551563700362E+10 -112.38197802477369 -278.1551563700362 1.0E+9 
1.907294901687516E+11 -2.8531695488854607E+10 -92.70509831248427 -285.31695488854604 1.0E+9 
1.9223542864692438E+11 -2.897777478867205E+10 -77.64571353075618 -289.7777478867205 1.0E+9 
1.9427573013870367E+11 -2.944881550342992E+10 -57.24269861296338 -294.4881550342992 1.0E+9 
1.9582480697119803E+11 -2.970804206224711E+10 -41.75193028801975 -297.0804206224711 1.0E+9 
1.9790730578767624E+11 -2.9926921507794727E+10 -20.926942123237673 -299.26921507794725 1.0E+9 
2.0E+11 -3.0E+10 -5.510910596163089E+-14 -300.0 1.0E+9 
2.015700786872883E+11 -2.995888604263722E+10 15.700786872882917 -299.5888604263722 1.0E+9 
2.0365608030215442E+11 -2.977638454923966E+10 36.5608030215443 -297.76384549239657 1.0E+9 
2.052094453300079E+11 -2.9544232590366245E+10 52.09445330007899 -295.44232590366244 1.0E+9 
2.0725765686799002E+11 -2.9108871788279896E+10 72.57656867990023 -291.08871788279896 1.0E+9 
2.092705098312484E+11 -2.853169548885461E+10 92.70509831248417 -285.3169548885461 1.0E+9 
2.10751038486359E+11 -2.8007412794916054E+10 107.51038486359012 -280.0741279491605 1.0E+9 
2.1267854785222098E+11 -2.7189233611099506E+10 126.78547852220964 -271.8923361109951 1.0E+9 
2.1408414688357672E+11 -2.6488427785767815E+10 140.84146883576713 -264.8842778576781 1.0E+9 
2.1589757792699615E+11 -2.5441442884692783E+10 158.9757792699614 -254.41442884692782 1.0E+9 
2.176335575687742E+11 -2.427050983124843E+10 176.33557568774188 -242.70509831248427 1.0E+9 
2.1887961173149512E+11 -2.331437884370914E+10 188.79611731495106 -233.14378843709142 1.0E+9 
2.2045995080187497E+11 -2.194061104857511E+10 204.5995080187496 -219.4061104857511 1.0E+9 
2.2158019401015952E+11 -2.0839751113769928E+10 215.80194010159525 -208.39751113769927 1.0E+9 
2.2298133329356934E+11 -1.9283628290596188E+10 229.81333293569332 -192.83628290596187 1.0E+9 
2.242705098312484E+11 -1.76335575687742E+10 242.7050983124842 -176.335575687742 1.0E+9 
2.2516011703836273E+11 -1.633917105045081E+10 251.60117038362722 -163.3917105045081 1.0E+9 
2.2623859121418185E+11 -1.4544288607390131E+10 262.3859121418186 -145.4428860739013 1.0E+9 
2.26963821388975E+11 -1.3151134403672335E+10 269.63821388975003 -131.51134403672333 1.0E+9 
2.2781551563700363E+11 -1.1238197802477371E+10 278.1551563700362 -112.3819780247737 1.0E+9 
2.285316954888546E+11 -9.270509831248428E+9 285.31695488854604 -92.70509831248428 1.0E+9 
2.2897777478867206E+11 -7.764571353075621E+9 289.7777478867205 -77.64571353075621 1.0E+9 
2.2944881550342993E+11 -5.72426986129634E+9 294.4881550342992 -57.2426986129634 1.0E+9 
2.297080420622471E+11 -4.1751930288019767E+9 297.0804206224711 -41.751930288019764 1.0E+9 
2.2992692150779474E+11 -2.092694212323769E+9 299.26921507794725 -20.92694212323769 1.0E+9 
2.2E+11 0.0 200.0 0.0 1.0E+9 
2.199725906950915E+11 1.0467191248588766E+9 199.72590695091478 10.467191248588765 1.0E+9 
2.1985092303282645E+11 2.4373868681029496E+9 198.5092303282644 24.373868681029496 1.0E+9 
2.1969615506024417E+11 3.472963553338607E+9 196.9615506024416 34.729635533386066 1.0E+9 
2.1940591452551993E+11 4.838437911993355E+9 194.0591452551993 48.38437911993355 1.0E+9 
2.1902113032590308E+11 6.180339887498948E+9 190.2113032590307 61.803398874989476 1.0E+9 
2.1867160852994403E+11 7.167358990906005E+9 186.71608529944035 71.67358990906006 1.0E+9 
2.18126155740733E+11 8.452365234813989E+9 181.26155740732997 84.52365234813989 1.0E+9 
2.1765895185717853E+11 9.389431255717815E+9 176.5895185717854 93.89431255717817 1.0E+9 
2.169609619231285E+11 1.0598385284664099E+10 169.6096192312852 105.98385284664099 1.0E+9 
2.1618033988749896E+11 1.1755705045849463E+10 161.80339887498948 117.55705045849463 1.0E+9 
2.155429192291394E+11 1.258640782099675E+10 155.42919229139417 125.8640782099675 1.0E+9 
2.1462707403238342E+11 1.363996720124997E+10 146.2707403238341 136.3996720124997 1.0E+9 
2.1389316740917993E+11 1.4386796006773022E+10 138.93167409179947 143.86796006773022 1.0E+9 
2.1285575219373077E+11 1.532088886237956E+10 128.55752193730788 153.20888862379562 1.0E+9 
2.1175570504584946E+11 1.618033988749895E+10 117.55705045849463 161.80339887498948 1.0E+9 
2.1089278070030054E+11 1.677341135890848E+10 108.92780700300544 167.73411358908479 1.0E+9 
2.0969619240492676E+11 1.7492394142787914E+10 96.96192404926742 174.92394142787916 1.0E+9 
2.0876742293578156E+11 1.797588092598334E+10 87.67422935781549 179.7588092598334 1.0E+9 
2.0749213186831824E+11 1.8543677091335747E+10 74.92131868318243 185.43677091335746 1.0E+9 
2.0618033988749896E+11 1.9021130325903072E+10 61.80339887498949 190.2113032590307 1.0E+9 
2.051763809020504E+11 1.9318516525781364E+10 51.76380902050415 193.18516525781365 1.0E+9 
2.0381617990753088E+11 1.963254366895328E+10 38.161799075308984 196.3254366895328 1.0E+9 
2.027834620192013E+11 1.9805361374831406E+10 27.834620192013094 198.05361374831406 1.0E+9 
2.013951294748825E+11 1.9951281005196484E+10 13.951294748825047 199.51281005196483 1.0E+9 
2.0E+11 2.0E+10 1.2246467991473532E+-14 200.0 1.0E+9 
1.989532808751411E+11 1.9972590695091476E+10 -10.467191248588769 199.72590695091478 1.0E+9 
1.9756261313189706E+11 1.9850923032826443E+10 -24.373868681029474 198.5092303282644 1.0E+9 
1.965270364466614E+11 1.969615506024416E+10 -34.72963553338606 196.9615506024416 1.0E+9 
1.9516156208800665E+11 1.9405914525519928E+10 -48.38437911993351 194.0591452551993 1.0E+9 
1.9381966011250104E+11 1.9021130325903072E+10 -61.80339887498947 190.21130325903073 1.0E+9 
1.92832641009094E+11 1.8671608529944035E+10 -71.67358990906006 186.71608529944035 1.0E+9 
1.91547634765186E+11 1.8126155740733E+10 -84.52365234813986 181.26155740733 1.0E+9 
1.906105687442822E+11 1.7658951857178543E+10 -93.89431255717811 176.58951857178542 1.0E+9 
1.894016147153359E+11 1.6960961923128521E+10 -105.98385284664096 169.60961923128522 1.0E+9 
1.8824429495415054E+11 1.618033988749895E+10 -117.5570504584946 161.80339887498948 1.0E+9 
1.8741359217900327E+11 1.554291922913942E+10 -125.86407820996746 155.4291922913942 1.0E+9 
1.8636003279875003E+11 1.4627074032383411E+10 -136.39967201249968 146.2707403238341 1.0E+9 
1.85613203993227E+11 1.3893167409179949E+10 -143.8679600677302 138.9316740917995 1.0E+9 
1.8467911113762045E+11 1.285575219373079E+10 -153.2088886237956 128.55752193730788 1.0E+9 
1.8381966011250104E+11 1.1755705045849464E+10 -161.80339887498945 117.55705045849464 1.0E+9 
1.8322658864109152E+11 1.0892780700300547E+10 -167.73411358908479 108.92780700300546 1.0E+9 
1.825076058572121E+11 9.696192404926743E+9 -174.92394142787916 96.96192404926744 1.0E+9 
1.8202411907401666E+11 8.767422935781553E+9 -179.75880925983336 87.67422935781553 1.0E+9 
1.8145632290866425E+11 7.492131868318245E+9 -185.43677091335746 74.92131868318245 1.0E+9 
1.8097886967409692E+11 6.18033988749895E+9 -190.2113032590307 61.803398874989504 1.0E+9 
1.8068148347421863E+11 5.176380902050421E+9 -193.18516525781365 51.763809020504205 1.0E+9 
1.8036745633104672E+11 3.8161799075308995E+9 -196.3254366895328 38.16179907530899 1.0E+9 
1.8019463862516858E+11 2.7834620192013063E+9 -198.05361374831406 27.834620192013066 1.0E+9 
1.8004871899480353E+11 1.3951294748825104E+9 -199.51281005196483 13.951294748825106 1.0E+9 
1.8E+11 2.4492935982947063E+-6 -200.0 2.4492935982947064E+-14 1.0E+9 
1.800274093049085E+11 -1.0467191248588712E+9 -199.72590695091478 -10.467191248588712 1.0E+9 
1.8014907696717355E+11 -2.437386868102955E+9 -198.5092303282644 -24.37386868102955 1.0E+9 
1.8030384493975583E+11 -3.472963553338609E+9 -196.9615506024416 -34.729635533386094 1.0E+9 
1.8059408547448007E+11 -4.83843791199335E+9 -194.05914525519933 -48.3843791199335 1.0E+9 
1.8097886967409692E+11 -6.180339887498955E+9 -190.2113032590307 -61.80339887498955 1.0E+9 
1.8132839147005597E+11 -7.167358990906009E+9 -186.71608529944035 -71.67358990906008 1.0E+9 
1.81873844259267E+11 -8.452365234813986E+9 -181.26155740733 -84.52365234813985 1.0E+9 
1.8234104814282147E+11 -9.38943125571781E+9 -176.58951857178542 -93.8943125571781 1.0E+9 
1.830390380768715E+11 -1.0598385284664095E+10 -169.60961923128522 -105.98385284664096 1.0E+9 
1.8381966011250104E+11 -1.175570504584946E+10 -161.80339887498948 -117.5570504584946 1.0E+9 
1.8445708077086057E+11 -1.2586407820996746E+10 -155.42919229139423 -125.86407820996746 1.0E+9 
1.8537292596761658E+11 -1.3639967201249968E+10 -146.2707403238341 -136.39967201249968 1.0E+9 
1.8610683259082004E+11 -1.4386796006773018E+10 -138.9316740917995 -143.86796006773017 1.0E+9 
1.8714424780626923E+11 -1.5320888862379559E+10 -128.55752193730788 -153.2088886237956 1.0E+9 
1.8824429495415054E+11 -1.6180339887498947E+10 -117.55705045849464 -161.80339887498945 1.0E+9 
1.8910721929969946E+11 -1.6773411358908482E+10 -108.9278070030054 -167.7341135890848 1.0E+9 
1.9030380759507324E+11 -1.749239414278791E+10 -96.96192404926752 -174.9239414278791 1.0E+9 
1.9123257706421844E+11 -1.7975880925983337E+10 -87.67422935781555 -179.75880925983336 1.0E+9 
1.9250786813168176E+11 -1.8543677091335747E+10 -74.92131868318246 -185.43677091335746 1.0E+9 
1.9381966011250104E+11 -1.9021130325903072E+10 -61.80339887498951 -190.2113032590307 1.0E+9 
1.948236190979496E+11 -1.9318516525781364E+10 -51.76380902050413 -193.18516525781365 1.0E+9 
1.9618382009246912E+11 -1.963254366895328E+10 -38.16179907530892 -196.3254366895328 1.0E+9 
1.9721653798079868E+11 -1.9805361374831406E+10 -27.834620192013166 -198.05361374831406 1.0E+9 
1.986048705251175E+11 -1.9951281005196484E+10 -13.951294748825116 -199.51281005196483 1.0E+9 
2.0E+11 -2.0E+10 -3.6739403974420595E+-14 -200.0 1.0E+9 
2.0104671912485886E+11 -1.997259069509148E+10 10.46719124858861 -199.72590695091478 1.0E+9 
2.0243738686810297E+11 -1.985092303282644E+10 24.37386868102954 -198.5092303282644 1.0E+9 
2.034729635533386E+11 -1.9696155060244164E+10 34.729635533385995 -196.96155060244163 1.0E+9 
2.0483843791199335E+11 -1.940591452551993E+10 48.38437911993349 -194.05914525519933 1.0E+9 
2.0618033988749893E+11 -1.9021130325903072E+10 61.80339887498945 -190.21130325903073 1.0E+9 
2.07167358990906E+11 -1.8671608529944035E+10 71.67358990906007 -186.71608529944035 1.0E+9 
2.0845236523481396E+11 -1.8126155740733006E+10 84.52365234813976 -181.26155740733006 1.0E+9 
2.093894312557178E+11 -1.7658951857178543E+10 93.89431255717808 -176.58951857178542 1.0E+9 
2.105983852846641E+11 -1.6960961923128521E+10 105.98385284664093 -169.60961923128522 1.0E+9 
2.1175570504584946E+11 -1.6180339887498951E+10 117.55705045849459 -161.8033988749895 1.0E+9 
2.1258640782099673E+11 -1.5542919229139427E+10 125.86407820996737 -155.42919229139426 1.0E+9 
2.1363996720124997E+11 -1.4627074032383408E+10 136.3996720124997 -146.27074032383408 1.0E+9 
2.14386796006773E+11 -1.3893167409179953E+10 143.86796006773017 -138.93167409179952 1.0E+9 
2.1532088886237955E+11 -1.2855752193730791E+10 153.20888862379556 -128.5575219373079 1.0E+9 
2.1618033988749896E+11 -1.1755705045849466E+10 161.80339887498945 -117.55705045849467 1.0E+9 
2.1677341135890848E+11 -1.0892780700300539E+10 167.7341135890848 -108.9278070030054 1.0E+9 
2.174923941427879E+11 -9.696192404926754E+9 174.92394142787907 -96.96192404926754 1.0E+9 
2.1797588092598334E+11 -8.767422935781555E+9 179.75880925983336 -87.67422935781556 1.0E+9 
2.1854367709133575E+11 -7.492131868318247E+9 185.43677091335746 -74.92131868318246 1.0E+9 
2.1902113032590308E+11 -6.180339887498952E+9 190.2113032590307 -61.803398874989526 1.0E+9 
2.1931851652578137E+11 -5.176380902050414E+9 193.18516525781365 -51.763809020504134 1.0E+9 
2.1963254366895328E+11 -3.8161799075308933E+9 196.3254366895328 -38.161799075308934 1.0E+9 
2.1980536137483142E+11 -2.783462019201318E+9 198.05361374831406 -27.834620192013176 1.0E+9 
2.1995128100519647E+11 -1.3951294748825128E+9 199.51281005196483 -13.951294748825127 1.0E+9 
2.1E+11 0.0 100.0 0.0 1.0E+9 
2.0998629534754575E+11 5.233595624294383E+8 99.86295347545739 5.233595624294383 1.0E+9 
2.099254615164132E+11 1.2186934340514748E+9 99.2546151641322 12.186934340514748 1.0E+9 
2.0984807753012207E+11 1.7364817766693034E+9 98.4807753012208 17.364817766693033 1.0E+9 
2.0970295726275995E+11 2.4192189559966774E+9 97.02957262759965 24.192189559966774 1.0E+9 
2.0951056516295154E+11 3.090169943749474E+9 95.10565162951535 30.901699437494738 1.0E+9 
2.0933580426497202E+11 3.5836794954530025E+9 93.35804264972018 35.83679495453003 1.0E+9 
2.090630778703665E+11 4.2261826174069943E+9 90.63077870366499 42.261826174069945 1.0E+9 
2.0882947592858926E+11 4.694715627858908E+9 88.2947592858927 46.947156278589084 1.0E+9 
2.0848048096156427E+11 5.299192642332049E+9 84.8048096156426 52.99192642332049 1.0E+9 
2.0809016994374948E+11 5.877852522924731E+9 80.90169943749474 58.778525229247315 1.0E+9 
2.077714596145697E+11 6.293203910498375E+9 77.71459614569709 62.93203910498375 1.0E+9 
2.073135370161917E+11 6.819983600624985E+9 73.13537016191705 68.19983600624985 1.0E+9 
2.0694658370458997E+11 7.193398003386511E+9 69.46583704589973 71.93398003386511 1.0E+9 
2.064278760968654E+11 7.66044443118978E+9 64.27876096865394 76.60444431189781 1.0E+9 
2.0587785252292474E+11 8.090169943749475E+9 58.778525229247315 80.90169943749474 1.0E+9 
2.0544639035015027E+11 8.38670567945424E+9 54.46390350150272 83.86705679454239 1.0E+9 
2.0484809620246338E+11 8.746197071393957E+9 48.48096202463371 87.46197071393958 1.0E+9 
2.0438371146789078E+11 8.98794046299167E+9 43.837114678907746 89.8794046299167 1.0E+9 
2.0374606593415912E+11 9.271838545667873E+9 37.46065934159122 92.71838545667873 1.0E+9 
2.0309016994374948E+11 9.510565162951536E+9 30.901699437494745 95.10565162951535 1.0E+9 
2.025881904510252E+11 9.659258262890682E+9 25.881904510252074 96.59258262890683 1.0E+9 
2.0190808995376544E+11 9.81627183447664E+9 19.080899537654492 98.1627183447664 1.0E+9 
2.0139173100960065E+11 9.902680687415703E+9 13.917310096006547 99.02680687415703 1.0E+9 
2.0069756473744125E+11 9.975640502598242E+9 6.975647374412524 99.75640502598242 1.0E+9 
2.0E+11 1.0E+10 6.123233995736766E+-15 100.0 1.0E+9 
1.9947664043757056E+11 9.986295347545738E+9 -5.233595624294384 99.86295347545739 1.0E+9 
1.9878130656594852E+11 9.925461516413221E+9 -12.186934340514737 99.2546151641322 1.0E+9 
1.982635182233307E+11 9.84807753012208E+9 -17.36481776669303 98.4807753012208 1.0E+9 
1.9758078104400333E+11 9.702957262759964E+9 -24.192189559966756 97.02957262759965 1.0E+9 
1.9690983005625052E+11 9.510565162951536E+9 -30.901699437494734 95.10565162951536 1.0E+9 
1.96416320504547E+11 9.335804264972017E+9 -35.83679495453003 93.35804264972018 1.0E+9 
1.9577381738259302E+11 9.0630778703665E+9 -42.26182617406993 90.630778703665 1.0E+9 
1.9530528437214108E+11 8.829475928589272E+9 -46.947156278589055 88.29475928589271 1.0E+9 
1.9470080735766794E+11 8.4804809615642605E+9 -52.99192642332048 84.80480961564261 1.0E+9 
1.9412214747707526E+11 8.090169943749475E+9 -58.7785252292473 80.90169943749474 1.0E+9 
1.9370679608950162E+11 7.77145961456971E+9 -62.93203910498373 77.7145961456971 1.0E+9 
1.9318001639937503E+11 7.313537016191706E+9 -68.19983600624984 73.13537016191705 1.0E+9 
1.928066019966135E+11 6.946583704589974E+9 -71.9339800338651 69.46583704589975 1.0E+9 
1.923395555688102E+11 6.427876096865395E+9 -76.6044443118978 64.27876096865394 1.0E+9 
1.9190983005625052E+11 5.877852522924732E+9 -80.90169943749473 58.77852522924732 1.0E+9 
1.9161329432054575E+11 5.446390350150273E+9 -83.86705679454239 54.46390350150273 1.0E+9 
1.9125380292860605E+11 4.848096202463371E+9 -87.46197071393958 48.48096202463372 1.0E+9 
1.9101205953700833E+11 4.383711467890777E+9 -89.87940462991668 43.83711467890777 1.0E+9 
1.9072816145433212E+11 3.7460659341591225E+9 -92.71838545667873 37.460659341591224 1.0E+9 
1.9048943483704846E+11 3.090169943749475E+9 -95.10565162951535 30.901699437494752 1.0E+9 
1.903407417371093E+11 2.5881904510252104E+9 -96.59258262890683 25.881904510252102 1.0E+9 
1.9018372816552335E+11 1.9080899537654498E+9 -98.1627183447664 19.080899537654496 1.0E+9 
1.900973193125843E+11 1.3917310096006532E+9 -99.02680687415703 13.917310096006533 1.0E+9 
1.9002435949740176E+11 6.975647374412552E+8 -99.75640502598242 6.975647374412553 1.0E+9 
1.9E+11 1.2246467991473532E+-6 -100.0 1.2246467991473532E+-14 1.0E+9 
1.9001370465245425E+11 -5.233595624294356E+8 -99.86295347545739 -5.233595624294356 1.0E+9 
1.900745384835868E+11 -1.2186934340514774E+9 -99.2546151641322 -12.186934340514775 1.0E+9 
1.9015192246987793E+11 -1.7364817766693046E+9 -98.4807753012208 -17.364817766693047 1.0E+9 
1.9029704273724002E+11 -2.419218955996675E+9 -97.02957262759966 -24.19218955996675 1.0E+9 
1.9048943483704846E+11 -3.0901699437494774E+9 -95.10565162951535 -30.901699437494774 1.0E+9 
1.9066419573502798E+11 -3.5836794954530044E+9 -93.35804264972018 -35.83679495453004 1.0E+9 
1.9093692212963348E+11 -4.226182617406993E+9 -90.630778703665 -42.261826174069924 1.0E+9 
1.9117052407141074E+11 -4.694715627858905E+9 -88.29475928589271 -46.94715627858905 1.0E+9 
1.9151951903843573E+11 -5.299192642332047E+9 -84.80480961564261 -52.99192642332048 1.0E+9 
1.9190983005625052E+11 -5.87785252292473E+9 -80.90169943749474 -58.7785252292473 1.0E+9 
1.922285403854303E+11 -6.293203910498373E+9 -77.71459614569712 -62.93203910498373 1.0E+9 
1.926864629838083E+11 -6.819983600624984E+9 -73.13537016191705 -68.19983600624984 1.0E+9 
1.9305341629541003E+11 -7.193398003386509E+9 -69.46583704589975 -71.93398003386508 1.0E+9 
1.935721239031346E+11 -7.660444431189779E+9 -64.27876096865394 -76.6044443118978 1.0E+9 
1.9412214747707526E+11 -8.090169943749474E+9 -58.77852522924732 -80.90169943749473 1.0E+9 
1.9455360964984973E+11 -8.386705679454241E+9 -54.4639035015027 -83.8670567945424 1.0E+9 
1.9515190379753662E+11 -8.746197071393955E+9 -48.48096202463376 -87.46197071393955 1.0E+9 
1.9561628853210922E+11 -8.987940462991669E+9 -43.837114678907774 -89.87940462991668 1.0E+9 
1.9625393406584088E+11 -9.271838545667873E+9 -37.46065934159123 -92.71838545667873 1.0E+9 
1.9690983005625052E+11 -9.510565162951536E+9 -30.901699437494756 -95.10565162951535 1.0E+9 
1.974118095489748E+11 -9.659258262890682E+9 -25.881904510252063 -96.59258262890683 1.0E+9 
1.9809191004623456E+11 -9.81627183447664E+9 -19.08089953765446 -98.1627183447664 1.0E+9 
1.9860826899039935E+11 -9.902680687415703E+9 -13.917310096006583 -99.02680687415703 1.0E+9 
1.9930243526255875E+11 -9.975640502598242E+9 -6.975647374412558 -99.75640502598242 1.0E+9 
2.0E+11 -1.0E+10 -1.8369701987210297E+-14 -100.0 1.0E+9 
2.0052335956242944E+11 -9.98629534754574E+9 5.233595624294305 -99.86295347545739 1.0E+9 
2.0121869343405148E+11 -9.92546151641322E+9 12.18693434051477 -99.2546151641322 1.0E+9 
2.017364817766693E+11 -9.848077530122082E+9 17.364817766692997 -98.48077530122082 1.0E+9 
2.0241921895599667E+11 -9.702957262759966E+9 24.192189559966746 -97.02957262759966 1.0E+9 
2.0309016994374948E+11 -9.510565162951536E+9 30.901699437494724 -95.10565162951536 1.0E+9 
2.03583679495453E+11 -9.335804264972017E+9 35.836794954530035 -93.35804264972018 1.0E+9 
2.0422618261740698E+11 -9.063077870366503E+9 42.26182617406988 -90.63077870366503 1.0E+9 
2.0469471562785892E+11 -8.829475928589272E+9 46.94715627858904 -88.29475928589271 1.0E+9 
2.0529919264233203E+11 -8.4804809615642605E+9 52.991926423320464 -84.80480961564261 1.0E+9 
2.0587785252292474E+11 -8.0901699437494755E+9 58.77852522924729 -80.90169943749476 1.0E+9 
2.0629320391049838E+11 -7.771459614569714E+9 62.93203910498369 -77.71459614569713 1.0E+9 
2.06819983600625E+11 -7.313537016191704E+9 68.19983600624985 -73.13537016191704 1.0E+9 
2.071933980033865E+11 -6.946583704589976E+9 71.93398003386508 -69.46583704589976 1.0E+9 
2.076604444311898E+11 -6.427876096865396E+9 76.60444431189778 -64.27876096865396 1.0E+9 
2.0809016994374948E+11 -5.877852522924733E+9 80.90169943749473 -58.778525229247336 1.0E+9 
2.0838670567945425E+11 -5.4463903501502695E+9 83.8670567945424 -54.4639035015027 1.0E+9 
2.0874619707139395E+11 -4.848096202463377E+9 87.46197071393954 -48.48096202463377 1.0E+9 
2.0898794046299167E+11 -4.383711467890778E+9 89.87940462991668 -43.83711467890778 1.0E+9 
2.0927183854566788E+11 -3.7460659341591234E+9 92.71838545667873 -37.46065934159123 1.0E+9 
2.0951056516295154E+11 -3.090169943749476E+9 95.10565162951535 -30.901699437494763 1.0E+9 
2.096592582628907E+11 -2.588190451025207E+9 96.59258262890683 -25.881904510252067 1.0E+9 
2.0981627183447665E+11 -1.9080899537654467E+9 98.1627183447664 -19.080899537654467 1.0E+9 
2.099026806874157E+11 -1.391731009600659E+9 99.02680687415703 -13.917310096006588 1.0E+9 
2.0997564050259824E+11 -6.975647374412564E+8 99.75640502598242 -6.9756473744125636 1.0E+9 
2.0E+11 0.0 0.0 0.0 1.0E+15 
1.0E+10 0.0 100.0 0.0 1.0E+30 
9.986295347545738E+9 5.233595624294383E+8 99.86295347545739 5.233595624294383 1.0E+30 
9.92546151641322E+9 1.2186934340514748E+9 99.2546151641322 12.186934340514748 1.0E+30 
9.84807753012208E+9 1.7364817766693034E+9 98.4807753012208 17.364817766693033 1.0E+30 
9.702957262759964E+9 2.4192189559966774E+9 97.02957262759965 24.192189559966774 1.0E+30 
9.510565162951536E+9 3.090169943749474E+9 95.10565162951535 30.901699437494738 1.0E+30 
9.335804264972017E+9 3.5836794954530025E+9 93.35804264972018 35.83679495453003 1.0E+30 
9.063077870366499E+9 4.2261826174069943E+9 90.63077870366499 42.261826174069945 1.0E+30 
8.82947592858927E+9 4.694715627858908E+9 88.2947592858927 46.947156278589084 1.0E+30 
8.48048096156426E+9 5.299192642332049E+9 84.8048096156426 52.99192642332049 1.0E+30 
8.090169943749475E+9 5.877852522924731E+9 80.90169943749474 58.778525229247315 1.0E+30 
7.771459614569709E+9 6.293203910498375E+9 77.71459614569709 62.93203910498375 1.0E+30 
7.313537016191705E+9 6.819983600624985E+9 73.13537016191705 68.19983600624985 1.0E+30 
6.946583704589973E+9 7.193398003386511E+9 69.46583704589973 71.93398003386511 1.0E+30 
6.427876096865394E+9 7.66044443118978E+9 64.27876096865394 76.60444431189781 1.0E+30 
5.877852522924731E+9 8.090169943749475E+9 58.778525229247315 80.90169943749474 1.0E+30 
5.446390350150272E+9 8.38670567945424E+9 54.46390350150272 83.86705679454239 1.0E+30 
4.848096202463371E+9 8.746197071393957E+9 48.48096202463371 87.46197071393958 1.0E+30 
4.383711467890775E+9 8.98794046299167E+9 43.837114678907746 89.8794046299167 1.0E+30 
3.746065934159122E+9 9.271838545667873E+9 37.46065934159122 92.71838545667873 1.0E+30 
3.0901699437494745E+9 9.510565162951536E+9 30.901699437494745 95.10565162951535 1.0E+30 
2.5881904510252075E+9 9.659258262890682E+9 25.881904510252074 96.59258262890683 1.0E+30 
1.908089953765449E+9 9.81627183447664E+9 19.080899537654492 98.1627183447664 1.0E+30 
1.3917310096006546E+9 9.902680687415703E+9 13.917310096006547 99.02680687415703 1.0E+30 
6.975647374412524E+8 9.975640502598242E+9 6.975647374412524 99.75640502598242 1.0E+30 
6.123233995736766E+-7 1.0E+10 6.123233995736766E+-15 100.0 1.0E+30 
-5.233595624294384E+8 9.986295347545738E+9 -5.233595624294384 99.86295347545739 1.0E+30 
-1.2186934340514736E+9 9.925461516413221E+9 -12.186934340514737 99.2546151641322 1.0E+30 
-1.736481776669303E+9 9.84807753012208E+9 -17.36481776669303 98.4807753012208 1.0E+30 
-2.4192189559966755E+9 9.702957262759964E+9 -24.192189559966756 97.02957262759965 1.0E+30 
-3.0901699437494736E+9 9.510565162951536E+9 -30.901699437494734 95.10565162951536 1.0E+30 
-3.5836794954530025E+9 9.335804264972017E+9 -35.83679495453003 93.35804264972018 1.0E+30 
-4.2261826174069934E+9 9.0630778703665E+9 -42.26182617406993 90.630778703665 1.0E+30 
-4.694715627858905E+9 8.829475928589272E+9 -46.947156278589055 88.29475928589271 1.0E+30 
-5.299192642332047E+9 8.4804809615642605E+9 -52.99192642332048 84.80480961564261 1.0E+30 
-5.87785252292473E+9 8.090169943749475E+9 -58.7785252292473 80.90169943749474 1.0E+30 
-6.293203910498373E+9 7.77145961456971E+9 -62.93203910498373 77.7145961456971 1.0E+30 
-6.819983600624984E+9 7.313537016191706E+9 -68.19983600624984 73.13537016191705 1.0E+30 
-7.19339800338651E+9 6.946583704589974E+9 -71.9339800338651 69.46583704589975 1.0E+30 
-7.660444431189779E+9 6.427876096865395E+9 -76.6044443118978 64.27876096865394 1.0E+30 
-8.090169943749474E+9 5.877852522924732E+9 -80.90169943749473 58.77852522924732 1.0E+30 
-8.38670567945424E+9 5.446390350150273E+9 -83.86705679454239 54.46390350150273 1.0E+30 
-8.746197071393957E+9 4.848096202463371E+9 -87.46197071393958 48.48096202463372 1.0E+30 
-8.987940462991669E+9 4.383711467890777E+9 -89.87940462991668 43.83711467890777 1.0E+30 
-9.271838545667873E+9 3.7460659341591225E+9 -92.71838545667873 37.460659341591224 1.0E+30 
-9.510565162951536E+9 3.090169943749475E+9 -95.10565162951535 30.901699437494752 1.0E+30 
-9.659258262890682E+9 2.5881904510252104E+9 -96.59258262890683 25.881904510252102 1.0E+30 
-9.81627183447664E+9 1.9080899537654498E+9 -98.1627183447664 19.080899537654496 1.0E+30 
-9.902680687415703E+9 1.3917310096006532E+9 -99.02680687415703 13.917310096006533 1.0E+30 
-9.975640502598242E+9 6.975647374412552E+8 -99.75640502598242 6.975647374412553 1.0E+30 
-1.0E+10 1.2246467991473532E+-6 -100.0 1.2246467991473532E+-14 1.0E+30 
-9.986295347545738E+9 -5.233595624294356E+8 -99.86295347545739 -5.233595624294356 1.0E+30 
-9.92546151641322E+9 -1.2186934340514774E+9 -99.2546151641322 -12.186934340514775 1.0E+30 
-9.84807753012208E+9 -1.7364817766693046E+9 -98.4807753012208 -17.364817766693047 1.0E+30 
-9.702957262759966E+9 -2.419218955996675E+9 -97.02957262759966 -24.19218955996675 1.0E+30 
-9.510565162951536E+9 -3.0901699437494774E+9 -95.10565162951535 -30.901699437494774 1.0E+30 
-9.335804264972017E+9 -3.5836794954530044E+9 -93.35804264972018 -35.83679495453004 1.0E+30 
-9.0630778703665E+9 -4.226182617406993E+9 -90.630778703665 -42.261826174069924 1.0E+30 
-8.829475928589272E+9 -4.694715627858905E+9 -88.29475928589271 -46.94715627858905 1.0E+30 
-8.4804809615642605E+9 -5.299192642332047E+9 -84.80480961564261 -52.99192642332048 1.0E+30 
-8.090169943749475E+9 -5.87785252292473E+9 -80.90169943749474 -58.7785252292473 1.0E+30 
-7.771459614569712E+9 -6.293203910498373E+9 -77.71459614569712 -62.93203910498373 1.0E+30 
-7.313537016191706E+9 -6.819983600624984E+9 -73.13537016191705 -68.19983600624984 1.0E+30 
-6.946583704589974E+9 -7.193398003386509E+9 -69.46583704589975 -71.93398003386508 1.0E+30 
-6.427876096865395E+9 -7.660444431189779E+9 -64.27876096865394 -76.6044443118978 1.0E+30 
-5.877852522924732E+9 -8.090169943749474E+9 -58.77852522924732 -80.90169943749473 1.0E+30 
-5.4463903501502695E+9 -8.386705679454241E+9 -54.4639035015027 -83.8670567945424 1.0E+30 
-4.848096202463376E+9 -8.746197071393955E+9 -48.48096202463376 -87.46197071393955 1.0E+30 
-4.383711467890778E+9 -8.987940462991669E+9 -43.837114678907774 -89.87940462991668 1.0E+30 
-3.746065934159123E+9 -9.271838545667873E+9 -37.46065934159123 -92.71838545667873 1.0E+30 
-3.0901699437494755E+9 -9.510565162951536E+9 -30.901699437494756 -95.10565162951535 1.0E+30 
-2.588190451025206E+9 -9.659258262890682E+9 -25.881904510252063 -96.59258262890683 1.0E+30 
-1.9080899537654462E+9 -9.81627183447664E+9 -19.08089953765446 -98.1627183447664 1.0E+30 
-1.3917310096006582E+9 -9.902680687415703E+9 -13.917310096006583 -99.02680687415703 1.0E+30 
-6.975647374412558E+8 -9.975640502598242E+9 -6.975647374412558 -99.75640502598242 1.0E+30 
-1.8369701987210296E+-6 -1.0E+10 -1.8369701987210297E+-14 -100.0 1.0E+30 
5.233595624294306E+8 -9.98629534754574E+9 5.233595624294305 -99.86295347545739 1.0E+30 
1.218693434051477E+9 -9.92546151641322E+9 12.18693434051477 -99.2546151641322 1.0E+30 
1.7364817766692996E+9 -9.848077530122082E+9 17.364817766692997 -98.48077530122082 1.0E+30 
2.4192189559966745E+9 -9.702957262759966E+9 24.192189559966746 -97.02957262759966 1.0E+30 
3.090169943749472E+9 -9.510565162951536E+9 30.901699437494724 -95.10565162951536 1.0E+30 
3.583679495453004E+9 -9.335804264972017E+9 35.836794954530035 -93.35804264972018 1.0E+30 
4.226182617406988E+9 -9.063077870366503E+9 42.26182617406988 -90.63077870366503 1.0E+30 
4.694715627858904E+9 -8.829475928589272E+9 46.94715627858904 -88.29475928589271 1.0E+30 
5.2991926423320465E+9 -8.4804809615642605E+9 52.991926423320464 -84.80480961564261 1.0E+30 
5.877852522924729E+9 -8.0901699437494755E+9 58.77852522924729 -80.90169943749476 1.0E+30 
6.293203910498368E+9 -7.771459614569714E+9 62.93203910498369 -77.71459614569713 1.0E+30 
6.819983600624986E+9 -7.313537016191704E+9 68.19983600624985 -73.13537016191704 1.0E+30 
7.193398003386509E+9 -6.946583704589976E+9 71.93398003386508 -69.46583704589976 1.0E+30 
7.660444431189778E+9 -6.427876096865396E+9 76.60444431189778 -64.27876096865396 1.0E+30 
8.090169943749474E+9 -5.877852522924733E+9 80.90169943749473 -58.778525229247336 1.0E+30 
8.386705679454241E+9 -5.4463903501502695E+9 83.8670567945424 -54.4639035015027 1.0E+30 
8.746197071393953E+9 -4.848096202463377E+9 87.46197071393954 -48.48096202463377 1.0E+30 
8.987940462991669E+9 -4.383711467890778E+9 89.87940462991668 -43.83711467890778 1.0E+30 
9.271838545667873E+9 -3.7460659341591234E+9 92.71838545667873 -37.46065934159123 1.0E+30 
9.510565162951536E+9 -3.090169943749476E+9 95.10565162951535 -30.901699437494763 1.0E+30 
9.659258262890682E+9 -2.588190451025207E+9 96.59258262890683 -25.881904510252067 1.0E+30 
9.81627183447664E+9 -1.9080899537654467E+9 98.1627183447664 -19.080899537654467 1.0E+30 
9.902680687415703E+9 -1.391731009600659E+9 99.02680687415703 -13.917310096006588 1.0E+30 
9.975640502598242E+9 -6.975647374412564E+8 99.75640502598242 -6.9756473744125636 1.0E+30 
Cre+ator of unive+rse: Pe+ter Jin, COS 126, Fall 
Shows a ring of stars e+xploding due to the force of the+ir 
gravity. This in turn trigge+rs an e+xploding e+ffect in a ne+arby group of 
arrange+d in succe+ssively large+r 
