  0.0        0.0        0.0       0.0     1.989e+30        
  0.0       16.0e+10     2.0e+4    -2.0e+4   5.974e+24        
-16.0e+10     0.0        2.0e+4     2.0e+4   5.974e+24        
  0.0      -16.0e+10    -2.0e+4     2.0e+4   5.974e+24        
 16.0e+10     0.0       -2.0e+4    -2.0e+4   5.974e+24        
  6.0e+10     6.0e+10    -5.0e+3     5.0e+4   5.974e+27        
 -6.0e+10     6.0e+10    -5.0e+4    -5.0e+3   5.974e+27        
 -6.0e+10    -6.0e+10     5.0e+3    -5.0e+4   5.974e+27        
  6.0e+10    -6.0e+10     5.0e+4     5.0e+3   5.974e+27        
 18.0e+10    18.0e+10    -1.0e+4     1.0e+2   6.419e+23        
-18.0e+10    18.0e+10     1.0e+2    -1.0e+4   6.419e+23        
-18.0e+10   -18.0e+10     1.0e+4     1.0e+2   6.419e+23        
 18.0e+10   -18.0e+10    -1.0e+2     1.0e+4   6.419e+23        
  0.0       23.0e+10     1.0e+4    -1.0e+4   5.974e+23        
-23.0e+10     0.0        1.0e+4     1.0e+4   5.974e+23        
  0.0      -23.0e+10    -1.0e+4     1.0e+4   5.974e+23        
 23.0e+10     0.0       -1.0e+4    -1.0e+4   5.974e+23        
