5.0E+9 0.0 0.0 -200.4401806747516 4.0E+22 
4.990133642141357E+9 3.1395259764656687E+8 12.585743079117092 -200.04465776439397 4.0E+22 
4.96057350657239E+9 6.266661678215213E+8 25.121815980179985 -198.85964998155114 4.0E+22 
4.911436253643443E+9 9.369065729286232E+8 37.55874455063511 -196.88983401056336 4.0E+22 
4.842915805643156E+9 1.243449435824274E+9 49.847445915307084 -194.14298381514485 4.0E+22 
4.755282581475768E+9 1.545084971874737E+9 61.939422184083156 -190.6299399581004 4.0E+22 
4.648882429441257E+9 1.8406227634233897E+9 73.78695185092896 -186.36456681857675 4.0E+22 
4.524135262330098E+9 2.128896457825363E+9 85.34327812887089 -181.36369787569188 4.0E+22 
4.381533400219318E+9 2.408768370508576E+9 96.5627934776732 -175.64706927448375 4.0E+22 
4.2216396275100756E+9 2.679133974894983E+9 107.40121959596314 -169.23724193636212 4.0E+22 
4.0450849718747377E+9 2.938926261462365E+9 117.81578216745774 -162.15951252145896 4.0E+22 
3.852566213878947E+9 3.187119948743448E+9 127.76537967164835 -154.44181359426796 4.0E+22 
3.644843137107058E+9 3.4227355296434426E+9 137.21074559272463 -146.11460338657344 4.0E+22 
3.422735529643444E+9 3.644843137107057E+9 146.11460338657338 -137.2107455927247 4.0E+22 
3.187119948743449E+9 3.8525662138789454E+9 154.4418135942679 -127.7653796716484 4.0E+22 
2.9389262614623666E+9 4.0450849718747363E+9 162.1595125214589 -117.81578216745781 4.0E+22 
2.679133974894984E+9 4.2216396275100746E+9 169.23724193636207 -107.40121959596318 4.0E+22 
2.408768370508577E+9 4.381533400219318E+9 175.64706927448375 -96.56279347767322 4.0E+22 
2.1288964578253634E+9 4.524135262330098E+9 181.3636978756919 -85.34327812887089 4.0E+22 
1.8406227634233894E+9 4.648882429441257E+9 186.36456681857675 -73.78695185092894 4.0E+22 
1.5450849718747363E+9 4.755282581475768E+9 190.62993995810044 -61.93942218408313 4.0E+22 
1.2434494358242726E+9 4.842915805643156E+9 194.14298381514487 -49.847445915307034 4.0E+22 
9.369065729286215E+8 4.911436253643444E+9 196.8898340105634 -37.55874455063504 4.0E+22 
6.26666167821519E+8 4.96057350657239E+9 198.85964998155114 -25.121815980179896 4.0E+22 
3.139525976465643E+8 4.990133642141357E+9 200.04465776439397 -12.585743079116988 4.0E+22 
-3.0245073740886313E+-6 5.0E+9 200.4401806747516 1.2124656090288874E+-13 4.0E+22 
-3.139525976465703E+8 4.990133642141357E+9 200.04465776439397 12.58574307911723 4.0E+22 
-6.266661678215251E+8 4.960573506572389E+9 198.85964998155114 25.121815980180134 4.0E+22 
-9.369065729286275E+8 4.911436253643442E+9 196.88983401056333 37.55874455063528 4.0E+22 
-1.2434494358242786E+9 4.842915805643154E+9 194.1429838151448 49.84744591530726 4.0E+22 
-1.545084971874742E+9 4.755282581475766E+9 190.62993995810032 61.93942218408335 4.0E+22 
-1.8406227634233952E+9 4.648882429441255E+9 186.36456681857666 73.78695185092917 4.0E+22 
-2.1288964578253677E+9 4.524135262330095E+9 181.3636978756918 85.34327812887108 4.0E+22 
-2.408768370508581E+9 4.381533400219316E+9 175.64706927448364 96.5627934776734 4.0E+22 
-2.6791339748949876E+9 4.221639627510072E+9 169.23724193636195 107.40121959596334 4.0E+22 
-2.938926261462371E+9 4.0450849718747334E+9 162.1595125214588 117.81578216745795 4.0E+22 
-3.1871199487434535E+9 3.852566213878942E+9 154.44181359426776 127.76537967164857 4.0E+22 
-3.422735529643449E+9 3.644843137107053E+9 146.1146033865732 137.2107455927249 4.0E+22 
-3.644843137107063E+9 3.422735529643438E+9 137.21074559272446 146.1146033865736 4.0E+22 
-3.852566213878951E+9 3.1871199487434425E+9 127.76537967164813 154.44181359426813 4.0E+22 
-4.045084971874742E+9 2.938926261462359E+9 117.8157821674575 162.15951252145916 4.0E+22 
-4.2216396275100803E+9 2.6791339748949757E+9 107.40121959596286 169.2372419363623 4.0E+22 
-4.381533400219322E+9 2.4087683705085683E+9 96.56279347767288 175.64706927448393 4.0E+22 
-4.524135262330102E+9 2.1288964578253543E+9 85.34327812887054 181.36369787569205 4.0E+22 
-4.64888242944126E+9 1.8406227634233804E+9 73.78695185092859 186.3645668185769 4.0E+22 
-4.755282581475771E+9 1.545084971874727E+9 61.93942218408275 190.62993995810052 4.0E+22 
-4.842915805643158E+9 1.2434494358242633E+9 49.84744591530665 194.14298381514496 4.0E+22 
-4.911436253643445E+9 9.369065729286119E+8 37.55874455063466 196.88983401056345 4.0E+22 
-4.960573506572391E+9 6.266661678215095E+8 25.121815980179512 198.8596499815512 4.0E+22 
-4.990133642141358E+9 3.1395259764655465E+8 12.5857430791166 200.044657764394 4.0E+22 
-5.0E+9 -1.2710352895928203E+-5 -5.095330861799402E+-13 200.4401806747516 4.0E+22 
-4.990133642141357E+9 -3.1395259764658E+8 -12.585743079117616 200.04465776439397 4.0E+22 
-4.960573506572388E+9 -6.266661678215348E+8 -25.121815980180525 198.8596499815511 4.0E+22 
-4.911436253643441E+9 -9.369065729286369E+8 -37.55874455063566 196.88983401056328 4.0E+22 
-4.842915805643152E+9 -1.243449435824288E+9 -49.847445915307645 194.1429838151447 4.0E+22 
-4.755282581475763E+9 -1.545084971874751E+9 -61.93942218408372 190.6299399581002 4.0E+22 
-4.648882429441251E+9 -1.840622763423404E+9 -73.78695185092953 186.3645668185765 4.0E+22 
-4.524135262330091E+9 -2.1288964578253775E+9 -85.34327812887146 181.36369787569163 4.0E+22 
-4.38153340021931E+9 -2.4087683705085907E+9 -96.56279347767376 175.64706927448344 4.0E+22 
-4.2216396275100665E+9 -2.679133974894997E+9 -107.40121959596372 169.23724193636176 4.0E+22 
-4.0450849718747272E+9 -2.9389262614623795E+9 -117.81578216745832 162.15951252145857 4.0E+22 
-3.8525662138789353E+9 -3.187119948743462E+9 -127.76537967164892 154.44181359426747 4.0E+22 
-3.6448431371070457E+9 -3.4227355296434565E+9 -137.2107455927252 146.11460338657292 4.0E+22 
-3.4227355296434298E+9 -3.64484313710707E+9 -146.1146033865739 137.21074559272412 4.0E+22 
-3.1871199487434344E+9 -3.8525662138789577E+9 -154.4418135942684 127.76537967164779 4.0E+22 
-2.938926261462352E+9 -4.0450849718747473E+9 -162.15951252145936 117.8157821674572 4.0E+22 
-2.6791339748949704E+9 -4.2216396275100837E+9 -169.23724193636244 107.40121959596266 4.0E+22 
-2.4087683705085645E+9 -4.381533400219324E+9 -175.647069274484 96.56279347767274 4.0E+22 
-2.1288964578253527E+9 -4.524135262330102E+9 -181.36369787569208 85.34327812887048 4.0E+22 
-1.8406227634233806E+9 -4.64888242944126E+9 -186.3645668185769 73.7869518509286 4.0E+22 
-1.5450849718747294E+9 -4.75528258147577E+9 -190.62993995810052 61.93942218408285 4.0E+22 
-1.2434494358242679E+9 -4.842915805643157E+9 -194.1429838151449 49.847445915306835 4.0E+22 
-9.369065729286188E+8 -4.911436253643444E+9 -196.8898340105634 37.558744550634934 4.0E+22 
-6.266661678215187E+8 -4.96057350657239E+9 -198.85964998155114 25.12181598017988 4.0E+22 
-3.1395259764656603E+8 -4.990133642141357E+9 -200.04465776439397 12.585743079117057 4.0E+22 
-9.184850993605148E+-7 -5.0E+9 -200.4401806747516 3.6820263852577754E+-14 4.0E+22 
3.139525976465642E+8 -4.990133642141357E+9 -200.04465776439397 -12.585743079116982 4.0E+22 
6.266661678215168E+8 -4.96057350657239E+9 -198.85964998155117 -25.1218159801798 4.0E+22 
9.36906572928617E+8 -4.911436253643445E+9 -196.88983401056342 -37.55874455063486 4.0E+22 
1.243449435824266E+9 -4.842915805643158E+9 -194.14298381514493 -49.847445915306764 4.0E+22 
1.5450849718747277E+9 -4.755282581475771E+9 -190.62993995810052 -61.93942218408279 4.0E+22 
1.840622763423379E+9 -4.648882429441261E+9 -186.3645668185769 -73.78695185092853 4.0E+22 
2.128896457825351E+9 -4.524135262330104E+9 -181.3636978756921 -85.34327812887041 4.0E+22 
2.408768370508563E+9 -4.381533400219325E+9 -175.64706927448404 -96.56279347767267 4.0E+22 
2.679133974894969E+9 -4.2216396275100846E+9 -169.23724193636247 -107.40121959596259 4.0E+22 
2.9389262614623504E+9 -4.045084971874748E+9 -162.1595125214594 -117.81578216745714 4.0E+22 
3.1871199487434325E+9 -3.8525662138789597E+9 -154.44181359426847 -127.76537967164774 4.0E+22 
3.422735529643427E+9 -3.644843137107073E+9 -146.114603386574 -137.210745592724 4.0E+22 
3.644843137107041E+9 -3.4227355296434608E+9 -137.21074559272537 -146.11460338657272 4.0E+22 
3.8525662138789296E+9 -3.1871199487434688E+9 -127.76537967164917 -154.44181359426727 4.0E+22 
4.0450849718747206E+9 -2.938926261462388E+9 -117.81578216745865 -162.15951252145828 4.0E+22 
4.22163962751006E+9 -2.679133974895008E+9 -107.40121959596416 -169.23724193636147 4.0E+22 
4.381533400219303E+9 -2.408768370508604E+9 -96.5627934776743 -175.64706927448316 4.0E+22 
4.524135262330084E+9 -2.1288964578253932E+9 -85.3432781288721 -181.36369787569132 4.0E+22 
4.648882429441244E+9 -1.8406227634234223E+9 -73.78695185093027 -186.3645668185762 4.0E+22 
4.755282581475757E+9 -1.5450849718747718E+9 -61.939422184084556 -190.62993995809995 4.0E+22 
4.842915805643146E+9 -1.2434494358243113E+9 -49.84744591530857 -194.14298381514448 4.0E+22 
4.9114362536434355E+9 -9.369065729286627E+8 -37.558744550636696 -196.88983401056308 4.0E+22 
4.960573506572384E+9 -6.266661678215629E+8 -25.121815980181655 -198.85964998155092 4.0E+22 
4.990133642141355E+9 -3.139525976466107E+8 -12.585743079118846 -200.0446577643939 4.0E+22 
Cre+ator of the Unive+rse:  Colin Ponce+, COS126, spring 
Syste+m of 100 bodie+s in uniform circular 
Unive+rse ge+nerated 
   % java 
